Producto;Precio;Descrip;Imagen;Talla;Disponibilidad
Tarjeta Regalo;['15,00€–100,00€'];"Cualquier día puede ser el mejor día para hacer un regalo. Con nuestra tarjeta regalo podrás estar más cerca que nunca de los tuyos para  dibujarles una sonrisa… ¿Cómo funciona? Elige el diseño y el importe; rellena los datos del formulario que encontrarás más abajo y ¡listo!";['https://debutant-store.com/wp-content/uploads/2020/10/0O9A5563-1280x1280-1.jpg', 'https://debutant-store.com/wp-content/uploads/2020/10/0O9A5563-1280x1280-1.jpg'];;
Sunset Sock;['12,00€'];Fabricado y diseñado en España con algodón natural peinado. Caña media. Tienen un 15% de poliamida y 3% de elastano para favorecer el confort. Además, nuestros calcetines no tienen incómodas costuras en la puntera para que lo único que te roce sea la calma.;['https://debutant-store.com/wp-content/uploads/2020/08/T-0O9A7788.jpg', 'https://debutant-store.com/wp-content/uploads/2020/08/T-0O9A7788.jpg', 'https://debutant-store.com/wp-content/uploads/2020/08/0O9A7714.jpg', 'https://debutant-store.com/wp-content/uploads/2020/08/0O9A7714.jpg'];['36-40'];"Hay existencias
"
Sunset Sock;['12,00€'];Fabricado y diseñado en España con algodón natural peinado. Caña media. Tienen un 15% de poliamida y 3% de elastano para favorecer el confort. Además, nuestros calcetines no tienen incómodas costuras en la puntera para que lo único que te roce sea la calma.;['https://debutant-store.com/wp-content/uploads/2020/08/T-0O9A7788.jpg', 'https://debutant-store.com/wp-content/uploads/2020/08/T-0O9A7788.jpg', 'https://debutant-store.com/wp-content/uploads/2020/08/0O9A7714.jpg', 'https://debutant-store.com/wp-content/uploads/2020/08/0O9A7714.jpg'];['41-45'];"Hay existencias
"
Pre-Order: The Future is Rural;['34,00€', '26,00€'];Camiseta 100% algodón orgánico peinado certificado, manga corta y cuello redondo con puntada doble estrecha en puños y bajo. Color anaranjado, corte entallado mujer. Modelo viste talla S. Diseño original de debutànt.;['https://debutant-store.com/wp-content/uploads/2020/11/mockup-the-future-is-rural_chica.jpeg', 'https://debutant-store.com/wp-content/uploads/2020/11/mockup-the-future-is-rural_chica.jpeg'];['pequena'];"Hay existencias (puede reservarse)
"
Pre-Order: The Future is Rural;['34,00€', '26,00€'];Camiseta 100% algodón orgánico peinado certificado, manga corta y cuello redondo con puntada doble estrecha en puños y bajo. Color anaranjado, corte entallado mujer. Modelo viste talla S. Diseño original de debutànt.;['https://debutant-store.com/wp-content/uploads/2020/11/mockup-the-future-is-rural_chica.jpeg', 'https://debutant-store.com/wp-content/uploads/2020/11/mockup-the-future-is-rural_chica.jpeg'];['mediana'];"Hay existencias (puede reservarse)
"
Pre-Order: The Future is Rural;['34,00€', '26,00€'];Camiseta 100% algodón orgánico peinado certificado, manga corta y cuello redondo con puntada doble estrecha en puños y bajo. Color anaranjado, corte entallado mujer. Modelo viste talla S. Diseño original de debutànt.;['https://debutant-store.com/wp-content/uploads/2020/11/mockup-the-future-is-rural_chica.jpeg', 'https://debutant-store.com/wp-content/uploads/2020/11/mockup-the-future-is-rural_chica.jpeg'];['grande'];"Hay existencias (puede reservarse)
"
Pre-Order: The Future is Rural;['34,00€', '26,00€'];Camiseta 100% algodón orgánico peinado certificado, manga corta y cuello redondo con puntada doble estrecha en puños y bajo. Color anaranjado, corte entallado mujer. Modelo viste talla S. Diseño original de debutànt.;['https://debutant-store.com/wp-content/uploads/2020/11/mockup-the-future-is-rural_chica.jpeg', 'https://debutant-store.com/wp-content/uploads/2020/11/mockup-the-future-is-rural_chica.jpeg'];['extra-grande'];"Hay existencias (puede reservarse)
"
Better Together Sock;['12,00€'];Fabricado y diseñado en España con algodón natural peinado. Caña media. Tienen un 15% de poliamida y 3% de elastano para favorecer el confort. Además, nuestros calcetines no tienen incómodas costuras en la puntera para que andes de buen humor.;['https://debutant-store.com/wp-content/uploads/2020/07/T-0O9A7806.jpg', 'https://debutant-store.com/wp-content/uploads/2020/07/T-0O9A7806.jpg', 'https://debutant-store.com/wp-content/uploads/2020/07/0O9A7736.jpg', 'https://debutant-store.com/wp-content/uploads/2020/07/0O9A7736.jpg'];['36-40'];"Hay existencias
"
Better Together Sock;['12,00€'];Fabricado y diseñado en España con algodón natural peinado. Caña media. Tienen un 15% de poliamida y 3% de elastano para favorecer el confort. Además, nuestros calcetines no tienen incómodas costuras en la puntera para que andes de buen humor.;['https://debutant-store.com/wp-content/uploads/2020/07/T-0O9A7806.jpg', 'https://debutant-store.com/wp-content/uploads/2020/07/T-0O9A7806.jpg', 'https://debutant-store.com/wp-content/uploads/2020/07/0O9A7736.jpg', 'https://debutant-store.com/wp-content/uploads/2020/07/0O9A7736.jpg'];['41-45'];"Hay existencias
"
Pica Pica Sock;['12,00€'];Fabricado y diseñado en España con algodón natural peinado. Caña media. Tienen un 15% de poliamida y 3% de elastano para favorecer el confort. Además, nuestros calcetines no tienen incómodas costuras en la puntera para que, mucho “pica-pica” pero que no te pique..;['https://debutant-store.com/wp-content/uploads/2020/08/T-0O9A7809.jpg', 'https://debutant-store.com/wp-content/uploads/2020/08/T-0O9A7809.jpg', 'https://debutant-store.com/wp-content/uploads/2020/08/0O9A7744.jpg', 'https://debutant-store.com/wp-content/uploads/2020/08/0O9A7744.jpg'];['36-40'];"Hay existencias
"
Pica Pica Sock;['12,00€'];Fabricado y diseñado en España con algodón natural peinado. Caña media. Tienen un 15% de poliamida y 3% de elastano para favorecer el confort. Además, nuestros calcetines no tienen incómodas costuras en la puntera para que, mucho “pica-pica” pero que no te pique..;['https://debutant-store.com/wp-content/uploads/2020/08/T-0O9A7809.jpg', 'https://debutant-store.com/wp-content/uploads/2020/08/T-0O9A7809.jpg', 'https://debutant-store.com/wp-content/uploads/2020/08/0O9A7744.jpg', 'https://debutant-store.com/wp-content/uploads/2020/08/0O9A7744.jpg'];['41-45'];"Hay existencias
"
Retro Yellow Sock;['12,00€'];Fabricado y diseñado en España con algodón natural peinado. Caña media. Tienen un 15% de poliamida y 3% de elastano para favorecer el confort. Además, nuestros calcetines no tienen incómodas costuras en la puntera para que cada paso sea un auténtico guateque.;['https://debutant-store.com/wp-content/uploads/2020/08/T-0O9A7812.jpg', 'https://debutant-store.com/wp-content/uploads/2020/08/T-0O9A7812.jpg', 'https://debutant-store.com/wp-content/uploads/2020/08/0O9A7750.jpg', 'https://debutant-store.com/wp-content/uploads/2020/08/0O9A7750.jpg'];['36-40'];"Hay existencias
"
Retro Yellow Sock;['12,00€'];Fabricado y diseñado en España con algodón natural peinado. Caña media. Tienen un 15% de poliamida y 3% de elastano para favorecer el confort. Además, nuestros calcetines no tienen incómodas costuras en la puntera para que cada paso sea un auténtico guateque.;['https://debutant-store.com/wp-content/uploads/2020/08/T-0O9A7812.jpg', 'https://debutant-store.com/wp-content/uploads/2020/08/T-0O9A7812.jpg', 'https://debutant-store.com/wp-content/uploads/2020/08/0O9A7750.jpg', 'https://debutant-store.com/wp-content/uploads/2020/08/0O9A7750.jpg'];['41-45'];"Hay existencias
"
Nasti de Plastic Sock;['12,00€'];Fabricado y diseñado en España con algodón natural peinado. Caña media. Tienen un 15% de poliamida y 3% de elastano para favorecer el confort. Además, nuestros calcetines no tienen incómodas costuras en la puntera para que tus dedos se sientan como pez en el agua.;['https://debutant-store.com/wp-content/uploads/2020/08/T-nasti.jpg', 'https://debutant-store.com/wp-content/uploads/2020/08/T-nasti.jpg', 'https://debutant-store.com/wp-content/uploads/2020/08/0O9A7772.jpg', 'https://debutant-store.com/wp-content/uploads/2020/08/0O9A7772.jpg'];['36-40'];"Hay existencias
"
Nasti de Plastic Sock;['12,00€'];Fabricado y diseñado en España con algodón natural peinado. Caña media. Tienen un 15% de poliamida y 3% de elastano para favorecer el confort. Además, nuestros calcetines no tienen incómodas costuras en la puntera para que tus dedos se sientan como pez en el agua.;['https://debutant-store.com/wp-content/uploads/2020/08/T-nasti.jpg', 'https://debutant-store.com/wp-content/uploads/2020/08/T-nasti.jpg', 'https://debutant-store.com/wp-content/uploads/2020/08/0O9A7772.jpg', 'https://debutant-store.com/wp-content/uploads/2020/08/0O9A7772.jpg'];['41-45'];"Hay existencias
"
Confeti Sock;['12,00€'];Fabricado y diseñado en España con algodón natural peinado. Caña media. Tienen un 15% de poliamida y 3% de elastano para favorecer el confort. Además, nuestros calcetines no tienen incómodas costuras en la puntera para que cada vez que los uses sea una fiesta.;['https://debutant-store.com/wp-content/uploads/2020/08/T-0O9A7792.jpg', 'https://debutant-store.com/wp-content/uploads/2020/08/T-0O9A7792.jpg', 'https://debutant-store.com/wp-content/uploads/2020/08/0O9A7757.jpg', 'https://debutant-store.com/wp-content/uploads/2020/08/0O9A7757.jpg'];['36-40'];"Hay existencias
"
Confeti Sock;['12,00€'];Fabricado y diseñado en España con algodón natural peinado. Caña media. Tienen un 15% de poliamida y 3% de elastano para favorecer el confort. Además, nuestros calcetines no tienen incómodas costuras en la puntera para que cada vez que los uses sea una fiesta.;['https://debutant-store.com/wp-content/uploads/2020/08/T-0O9A7792.jpg', 'https://debutant-store.com/wp-content/uploads/2020/08/T-0O9A7792.jpg', 'https://debutant-store.com/wp-content/uploads/2020/08/0O9A7757.jpg', 'https://debutant-store.com/wp-content/uploads/2020/08/0O9A7757.jpg'];['41-45'];"Hay existencias
"
Silvestre Sock;['12,00€'];Fabricado y diseñado en España con algodón natural peinado. Caña media. Tienen un 15% de poliamida y 3% de elastano para favorecer el confort. Además, nuestros calcetines no tienen incómodas costuras en la puntera para que te sientas más libre que William Wallace.;['https://debutant-store.com/wp-content/uploads/2020/08/T-0O9A7802.jpg', 'https://debutant-store.com/wp-content/uploads/2020/08/T-0O9A7802.jpg', 'https://debutant-store.com/wp-content/uploads/2020/08/0O9A7701.jpg', 'https://debutant-store.com/wp-content/uploads/2020/08/0O9A7701.jpg'];['36-40'];"Hay existencias
"
Silvestre Sock;['12,00€'];Fabricado y diseñado en España con algodón natural peinado. Caña media. Tienen un 15% de poliamida y 3% de elastano para favorecer el confort. Además, nuestros calcetines no tienen incómodas costuras en la puntera para que te sientas más libre que William Wallace.;['https://debutant-store.com/wp-content/uploads/2020/08/T-0O9A7802.jpg', 'https://debutant-store.com/wp-content/uploads/2020/08/T-0O9A7802.jpg', 'https://debutant-store.com/wp-content/uploads/2020/08/0O9A7701.jpg', 'https://debutant-store.com/wp-content/uploads/2020/08/0O9A7701.jpg'];['41-45'];"Hay existencias
"
Rayado Sock;['12,00€'];Fabricado y diseñado en España con algodón natural peinado. Caña media. Tienen un 15% de poliamida y 3% de elastano para favorecer el confort. Además, nuestros calcetines no tienen incómodas costuras en la puntera para que no te ralles más.;['https://debutant-store.com/wp-content/uploads/2020/08/T-0O9A7786.jpg', 'https://debutant-store.com/wp-content/uploads/2020/08/T-0O9A7786.jpg', 'https://debutant-store.com/wp-content/uploads/2020/08/0O9A7766.jpg', 'https://debutant-store.com/wp-content/uploads/2020/08/0O9A7766.jpg'];['36-40'];"Hay existencias
"
Rayado Sock;['12,00€'];Fabricado y diseñado en España con algodón natural peinado. Caña media. Tienen un 15% de poliamida y 3% de elastano para favorecer el confort. Además, nuestros calcetines no tienen incómodas costuras en la puntera para que no te ralles más.;['https://debutant-store.com/wp-content/uploads/2020/08/T-0O9A7786.jpg', 'https://debutant-store.com/wp-content/uploads/2020/08/T-0O9A7786.jpg', 'https://debutant-store.com/wp-content/uploads/2020/08/0O9A7766.jpg', 'https://debutant-store.com/wp-content/uploads/2020/08/0O9A7766.jpg'];['41-45'];"Hay existencias
"
Camiseta Exotic;['32,00€', '25,80€'];Camiseta 100% algodón orgánico certificado, manga corta y cuello redondo. Diseño blanco. Corte mujer, doble costura en manga y dobladillo. Modelo viste talla S. Diseño original de debutànt.;['https://debutant-store.com/wp-content/uploads/2020/03/web-1300-S-0O9A5934-copy.jpg', 'https://debutant-store.com/wp-content/uploads/2020/03/web-1300-S-0O9A5934-copy.jpg', 'https://debutant-store.com/wp-content/uploads/2020/03/web-1300-S-0O9A5943-copy.jpg', 'https://debutant-store.com/wp-content/uploads/2020/03/web-1300-S-0O9A5943-copy.jpg', 'https://debutant-store.com/wp-content/uploads/2020/03/web-1300-S-0O9A5940-copy.jpg', 'https://debutant-store.com/wp-content/uploads/2020/03/web-1300-S-0O9A5940-copy.jpg', 'https://debutant-store.com/wp-content/uploads/2020/03/web-1300-S-0O9A5952-copy-1.jpg', 'https://debutant-store.com/wp-content/uploads/2020/03/web-1300-S-0O9A5952-copy-1.jpg'];['pequena'];Solo quedan 2 disponibles
Camiseta Exotic;['32,00€', '25,80€'];Camiseta 100% algodón orgánico certificado, manga corta y cuello redondo. Diseño blanco. Corte mujer, doble costura en manga y dobladillo. Modelo viste talla S. Diseño original de debutànt.;['https://debutant-store.com/wp-content/uploads/2020/03/web-1300-S-0O9A5934-copy.jpg', 'https://debutant-store.com/wp-content/uploads/2020/03/web-1300-S-0O9A5934-copy.jpg', 'https://debutant-store.com/wp-content/uploads/2020/03/web-1300-S-0O9A5943-copy.jpg', 'https://debutant-store.com/wp-content/uploads/2020/03/web-1300-S-0O9A5943-copy.jpg', 'https://debutant-store.com/wp-content/uploads/2020/03/web-1300-S-0O9A5940-copy.jpg', 'https://debutant-store.com/wp-content/uploads/2020/03/web-1300-S-0O9A5940-copy.jpg', 'https://debutant-store.com/wp-content/uploads/2020/03/web-1300-S-0O9A5952-copy-1.jpg', 'https://debutant-store.com/wp-content/uploads/2020/03/web-1300-S-0O9A5952-copy-1.jpg'];['mediana'];"Hay existencias
"
Camiseta Exotic;['32,00€', '25,80€'];Camiseta 100% algodón orgánico certificado, manga corta y cuello redondo. Diseño blanco. Corte mujer, doble costura en manga y dobladillo. Modelo viste talla S. Diseño original de debutànt.;['https://debutant-store.com/wp-content/uploads/2020/03/web-1300-S-0O9A5934-copy.jpg', 'https://debutant-store.com/wp-content/uploads/2020/03/web-1300-S-0O9A5934-copy.jpg', 'https://debutant-store.com/wp-content/uploads/2020/03/web-1300-S-0O9A5943-copy.jpg', 'https://debutant-store.com/wp-content/uploads/2020/03/web-1300-S-0O9A5943-copy.jpg', 'https://debutant-store.com/wp-content/uploads/2020/03/web-1300-S-0O9A5940-copy.jpg', 'https://debutant-store.com/wp-content/uploads/2020/03/web-1300-S-0O9A5940-copy.jpg', 'https://debutant-store.com/wp-content/uploads/2020/03/web-1300-S-0O9A5952-copy-1.jpg', 'https://debutant-store.com/wp-content/uploads/2020/03/web-1300-S-0O9A5952-copy-1.jpg'];['grande'];Solo quedan 2 disponibles
Camiseta Leia;['34,00€', '30,60€'];;['https://debutant-store.com/wp-content/uploads/2020/03/webS-0O9A5786-copyb.jpg', 'https://debutant-store.com/wp-content/uploads/2020/03/webS-0O9A5786-copyb.jpg', 'https://debutant-store.com/wp-content/uploads/2020/03/webS-0O9A5782-copy.jpg', 'https://debutant-store.com/wp-content/uploads/2020/03/webS-0O9A5782-copy.jpg', 'https://debutant-store.com/wp-content/uploads/2020/03/webS-0O9A5777-copy.jpg', 'https://debutant-store.com/wp-content/uploads/2020/03/webS-0O9A5777-copy.jpg'];['mediana'];"Hay existencias
"
Camiseta Leia;['34,00€', '30,60€'];;['https://debutant-store.com/wp-content/uploads/2020/03/webS-0O9A5786-copyb.jpg', 'https://debutant-store.com/wp-content/uploads/2020/03/webS-0O9A5786-copyb.jpg', 'https://debutant-store.com/wp-content/uploads/2020/03/webS-0O9A5782-copy.jpg', 'https://debutant-store.com/wp-content/uploads/2020/03/webS-0O9A5782-copy.jpg', 'https://debutant-store.com/wp-content/uploads/2020/03/webS-0O9A5777-copy.jpg', 'https://debutant-store.com/wp-content/uploads/2020/03/webS-0O9A5777-copy.jpg'];['grande'];Solo quedan 1 disponibles
Camiseta Leia;['34,00€', '30,60€'];;['https://debutant-store.com/wp-content/uploads/2020/03/webS-0O9A5786-copyb.jpg', 'https://debutant-store.com/wp-content/uploads/2020/03/webS-0O9A5786-copyb.jpg', 'https://debutant-store.com/wp-content/uploads/2020/03/webS-0O9A5782-copy.jpg', 'https://debutant-store.com/wp-content/uploads/2020/03/webS-0O9A5782-copy.jpg', 'https://debutant-store.com/wp-content/uploads/2020/03/webS-0O9A5777-copy.jpg', 'https://debutant-store.com/wp-content/uploads/2020/03/webS-0O9A5777-copy.jpg'];['extra-grande'];"Agotado
                
               "
Camiseta Fulanita y Menganito White;['29,90€', '26,91€'];Camiseta 100% algodón orgánico certificado, manga corta y cuello redondo. Color blanco. Corte unisex. Modelo viste talla S. Diseño original de debutànt.;['https://debutant-store.com/wp-content/uploads/2019/09/Fulanita-white-she-4-1.jpg', 'https://debutant-store.com/wp-content/uploads/2019/09/Fulanita-white-she-4-1.jpg', 'https://debutant-store.com/wp-content/uploads/2019/09/Fulanita-white-she-3.jpg', 'https://debutant-store.com/wp-content/uploads/2019/09/Fulanita-white-she-3.jpg'];['extra-pequena'];Solo quedan 1 disponibles
Camiseta Fulanita y Menganito White;['29,90€', '26,91€'];Camiseta 100% algodón orgánico certificado, manga corta y cuello redondo. Color blanco. Corte unisex. Modelo viste talla S. Diseño original de debutànt.;['https://debutant-store.com/wp-content/uploads/2019/09/Fulanita-white-she-4-1.jpg', 'https://debutant-store.com/wp-content/uploads/2019/09/Fulanita-white-she-4-1.jpg', 'https://debutant-store.com/wp-content/uploads/2019/09/Fulanita-white-she-3.jpg', 'https://debutant-store.com/wp-content/uploads/2019/09/Fulanita-white-she-3.jpg'];['pequena'];"Agotado
                
               "
Camiseta Fulanita y Menganito White;['29,90€', '26,91€'];Camiseta 100% algodón orgánico certificado, manga corta y cuello redondo. Color blanco. Corte unisex. Modelo viste talla S. Diseño original de debutànt.;['https://debutant-store.com/wp-content/uploads/2019/09/Fulanita-white-she-4-1.jpg', 'https://debutant-store.com/wp-content/uploads/2019/09/Fulanita-white-she-4-1.jpg', 'https://debutant-store.com/wp-content/uploads/2019/09/Fulanita-white-she-3.jpg', 'https://debutant-store.com/wp-content/uploads/2019/09/Fulanita-white-she-3.jpg'];['mediana'];"Agotado
                
               "
Camiseta Fulanita y Menganito White;['29,90€', '26,91€'];Camiseta 100% algodón orgánico certificado, manga corta y cuello redondo. Color blanco. Corte unisex. Modelo viste talla S. Diseño original de debutànt.;['https://debutant-store.com/wp-content/uploads/2019/09/Fulanita-white-she-4-1.jpg', 'https://debutant-store.com/wp-content/uploads/2019/09/Fulanita-white-she-4-1.jpg', 'https://debutant-store.com/wp-content/uploads/2019/09/Fulanita-white-she-3.jpg', 'https://debutant-store.com/wp-content/uploads/2019/09/Fulanita-white-she-3.jpg'];['grande'];Solo quedan 1 disponibles
Camiseta Fulanita y Menganito White;['29,90€', '26,91€'];Camiseta 100% algodón orgánico certificado, manga corta y cuello redondo. Color blanco. Corte unisex. Modelo viste talla S. Diseño original de debutànt.;['https://debutant-store.com/wp-content/uploads/2019/09/Fulanita-white-she-4-1.jpg', 'https://debutant-store.com/wp-content/uploads/2019/09/Fulanita-white-she-4-1.jpg', 'https://debutant-store.com/wp-content/uploads/2019/09/Fulanita-white-she-3.jpg', 'https://debutant-store.com/wp-content/uploads/2019/09/Fulanita-white-she-3.jpg'];['extra-grande'];"Agotado
                
               "
Camiseta Piensa Bonito;['29,90€', '26,91€'];Camiseta 100% algodón orgánico certificado, manga corta y cuello en canalé. Color vintage white. Corte unisex. Modelo viste talla S. Diseño original de debutànt.;['https://debutant-store.com/wp-content/uploads/2019/09/S-0O9A6267.jpg', 'https://debutant-store.com/wp-content/uploads/2019/09/S-0O9A6267.jpg', 'https://debutant-store.com/wp-content/uploads/2019/09/S-0O9A6279.jpg', 'https://debutant-store.com/wp-content/uploads/2019/09/S-0O9A6279.jpg', 'https://debutant-store.com/wp-content/uploads/2019/09/S-0O9A6274.jpg', 'https://debutant-store.com/wp-content/uploads/2019/09/S-0O9A6274.jpg'];['pequena'];"Hay existencias
"
Camiseta Piensa Bonito;['29,90€', '26,91€'];Camiseta 100% algodón orgánico certificado, manga corta y cuello en canalé. Color vintage white. Corte unisex. Modelo viste talla S. Diseño original de debutànt.;['https://debutant-store.com/wp-content/uploads/2019/09/S-0O9A6267.jpg', 'https://debutant-store.com/wp-content/uploads/2019/09/S-0O9A6267.jpg', 'https://debutant-store.com/wp-content/uploads/2019/09/S-0O9A6279.jpg', 'https://debutant-store.com/wp-content/uploads/2019/09/S-0O9A6279.jpg', 'https://debutant-store.com/wp-content/uploads/2019/09/S-0O9A6274.jpg', 'https://debutant-store.com/wp-content/uploads/2019/09/S-0O9A6274.jpg'];['mediana'];"Hay existencias
"
Camiseta Piensa Bonito;['29,90€', '26,91€'];Camiseta 100% algodón orgánico certificado, manga corta y cuello en canalé. Color vintage white. Corte unisex. Modelo viste talla S. Diseño original de debutànt.;['https://debutant-store.com/wp-content/uploads/2019/09/S-0O9A6267.jpg', 'https://debutant-store.com/wp-content/uploads/2019/09/S-0O9A6267.jpg', 'https://debutant-store.com/wp-content/uploads/2019/09/S-0O9A6279.jpg', 'https://debutant-store.com/wp-content/uploads/2019/09/S-0O9A6279.jpg', 'https://debutant-store.com/wp-content/uploads/2019/09/S-0O9A6274.jpg', 'https://debutant-store.com/wp-content/uploads/2019/09/S-0O9A6274.jpg'];['grande'];"Hay existencias
"
Camiseta Piensa Bonito;['29,90€', '26,91€'];Camiseta 100% algodón orgánico certificado, manga corta y cuello en canalé. Color vintage white. Corte unisex. Modelo viste talla S. Diseño original de debutànt.;['https://debutant-store.com/wp-content/uploads/2019/09/S-0O9A6267.jpg', 'https://debutant-store.com/wp-content/uploads/2019/09/S-0O9A6267.jpg', 'https://debutant-store.com/wp-content/uploads/2019/09/S-0O9A6279.jpg', 'https://debutant-store.com/wp-content/uploads/2019/09/S-0O9A6279.jpg', 'https://debutant-store.com/wp-content/uploads/2019/09/S-0O9A6274.jpg', 'https://debutant-store.com/wp-content/uploads/2019/09/S-0O9A6274.jpg'];['extra-grande'];"Agotado
                
               "
Vestido Child Spirit;['39,00€'];Vestido 100% algodón orgánico, manga corta, cuello amplio y dobladillo redondeado. Color blanco. Corte mujer. Modelo viste talla S. Diseño original de debutànt.;['https://debutant-store.com/wp-content/uploads/2020/03/web1300-S-0O9A6209-copy.jpg', 'https://debutant-store.com/wp-content/uploads/2020/03/web1300-S-0O9A6209-copy.jpg', 'https://debutant-store.com/wp-content/uploads/2020/03/web1300S-0O9A6213-copy.jpg', 'https://debutant-store.com/wp-content/uploads/2020/03/web1300S-0O9A6213-copy.jpg', 'https://debutant-store.com/wp-content/uploads/2020/03/web1300S-0O9A6221-copy.jpg', 'https://debutant-store.com/wp-content/uploads/2020/03/web1300S-0O9A6221-copy.jpg'];['pequena'];Solo quedan 1 disponibles
Vestido Child Spirit;['39,00€'];Vestido 100% algodón orgánico, manga corta, cuello amplio y dobladillo redondeado. Color blanco. Corte mujer. Modelo viste talla S. Diseño original de debutànt.;['https://debutant-store.com/wp-content/uploads/2020/03/web1300-S-0O9A6209-copy.jpg', 'https://debutant-store.com/wp-content/uploads/2020/03/web1300-S-0O9A6209-copy.jpg', 'https://debutant-store.com/wp-content/uploads/2020/03/web1300S-0O9A6213-copy.jpg', 'https://debutant-store.com/wp-content/uploads/2020/03/web1300S-0O9A6213-copy.jpg', 'https://debutant-store.com/wp-content/uploads/2020/03/web1300S-0O9A6221-copy.jpg', 'https://debutant-store.com/wp-content/uploads/2020/03/web1300S-0O9A6221-copy.jpg'];['mediana'];Solo quedan 2 disponibles
Vestido Child Spirit;['39,00€'];Vestido 100% algodón orgánico, manga corta, cuello amplio y dobladillo redondeado. Color blanco. Corte mujer. Modelo viste talla S. Diseño original de debutànt.;['https://debutant-store.com/wp-content/uploads/2020/03/web1300-S-0O9A6209-copy.jpg', 'https://debutant-store.com/wp-content/uploads/2020/03/web1300-S-0O9A6209-copy.jpg', 'https://debutant-store.com/wp-content/uploads/2020/03/web1300S-0O9A6213-copy.jpg', 'https://debutant-store.com/wp-content/uploads/2020/03/web1300S-0O9A6213-copy.jpg', 'https://debutant-store.com/wp-content/uploads/2020/03/web1300S-0O9A6221-copy.jpg', 'https://debutant-store.com/wp-content/uploads/2020/03/web1300S-0O9A6221-copy.jpg'];['grande'];Solo quedan 1 disponibles
Camiseta Sunday & Vermut Top;['30,00€', '27,00€'];Camiseta 70% Viscosa EcoVero y 30% algodón orgánico de tirantes. Sisa amplia y largo a cintura. Color blanco. Corte mujer. Modelo viste talla S. Diseño original de debutànt.;['https://debutant-store.com/wp-content/uploads/2020/03/web-1300-S-0O9A5693-copy.jpg', 'https://debutant-store.com/wp-content/uploads/2020/03/web-1300-S-0O9A5693-copy.jpg', 'https://debutant-store.com/wp-content/uploads/2020/03/web-1300-S-0O9A5720-copy.jpg', 'https://debutant-store.com/wp-content/uploads/2020/03/web-1300-S-0O9A5720-copy.jpg', 'https://debutant-store.com/wp-content/uploads/2020/03/web-1300-S-0O9A5709-copy.jpg', 'https://debutant-store.com/wp-content/uploads/2020/03/web-1300-S-0O9A5709-copy.jpg'];['pequena'];"Agotado
                
               "
Camiseta Sunday & Vermut Top;['30,00€', '27,00€'];Camiseta 70% Viscosa EcoVero y 30% algodón orgánico de tirantes. Sisa amplia y largo a cintura. Color blanco. Corte mujer. Modelo viste talla S. Diseño original de debutànt.;['https://debutant-store.com/wp-content/uploads/2020/03/web-1300-S-0O9A5693-copy.jpg', 'https://debutant-store.com/wp-content/uploads/2020/03/web-1300-S-0O9A5693-copy.jpg', 'https://debutant-store.com/wp-content/uploads/2020/03/web-1300-S-0O9A5720-copy.jpg', 'https://debutant-store.com/wp-content/uploads/2020/03/web-1300-S-0O9A5720-copy.jpg', 'https://debutant-store.com/wp-content/uploads/2020/03/web-1300-S-0O9A5709-copy.jpg', 'https://debutant-store.com/wp-content/uploads/2020/03/web-1300-S-0O9A5709-copy.jpg'];['mediana'];Solo quedan 2 disponibles
Sudadera Nasti de Plastic;['64,90€', '48,90€'];Sudadera 85% algodón orgánico peinado y 15% poliéster reciclado. Cuello en canalé, puntada doble en cuello, bajo y puños. Color camel, corte unisex, forrado interior y alto gramaje de 350 gr. Modelo viste talla S. Diseño original de debutànt.;['https://debutant-store.com/wp-content/uploads/2019/09/00-0O9A4135-copy.jpg', 'https://debutant-store.com/wp-content/uploads/2019/09/00-0O9A4135-copy.jpg', 'https://debutant-store.com/wp-content/uploads/2019/09/00-0O9A4143-copy.jpg', 'https://debutant-store.com/wp-content/uploads/2019/09/00-0O9A4143-copy.jpg', 'https://debutant-store.com/wp-content/uploads/2019/09/P-0O9A4146-copy.jpg', 'https://debutant-store.com/wp-content/uploads/2019/09/P-0O9A4146-copy.jpg'];['pequena'];"Hay existencias
"
Sudadera Nasti de Plastic;['64,90€', '48,90€'];Sudadera 85% algodón orgánico peinado y 15% poliéster reciclado. Cuello en canalé, puntada doble en cuello, bajo y puños. Color camel, corte unisex, forrado interior y alto gramaje de 350 gr. Modelo viste talla S. Diseño original de debutànt.;['https://debutant-store.com/wp-content/uploads/2019/09/00-0O9A4135-copy.jpg', 'https://debutant-store.com/wp-content/uploads/2019/09/00-0O9A4135-copy.jpg', 'https://debutant-store.com/wp-content/uploads/2019/09/00-0O9A4143-copy.jpg', 'https://debutant-store.com/wp-content/uploads/2019/09/00-0O9A4143-copy.jpg', 'https://debutant-store.com/wp-content/uploads/2019/09/P-0O9A4146-copy.jpg', 'https://debutant-store.com/wp-content/uploads/2019/09/P-0O9A4146-copy.jpg'];['mediana'];"Agotado
                
               "
Sudadera Nasti de Plastic;['64,90€', '48,90€'];Sudadera 85% algodón orgánico peinado y 15% poliéster reciclado. Cuello en canalé, puntada doble en cuello, bajo y puños. Color camel, corte unisex, forrado interior y alto gramaje de 350 gr. Modelo viste talla S. Diseño original de debutànt.;['https://debutant-store.com/wp-content/uploads/2019/09/00-0O9A4135-copy.jpg', 'https://debutant-store.com/wp-content/uploads/2019/09/00-0O9A4135-copy.jpg', 'https://debutant-store.com/wp-content/uploads/2019/09/00-0O9A4143-copy.jpg', 'https://debutant-store.com/wp-content/uploads/2019/09/00-0O9A4143-copy.jpg', 'https://debutant-store.com/wp-content/uploads/2019/09/P-0O9A4146-copy.jpg', 'https://debutant-store.com/wp-content/uploads/2019/09/P-0O9A4146-copy.jpg'];['grande'];"Agotado
                
               "
Sudadera Nasti de Plastic;['64,90€', '48,90€'];Sudadera 85% algodón orgánico peinado y 15% poliéster reciclado. Cuello en canalé, puntada doble en cuello, bajo y puños. Color camel, corte unisex, forrado interior y alto gramaje de 350 gr. Modelo viste talla S. Diseño original de debutànt.;['https://debutant-store.com/wp-content/uploads/2019/09/00-0O9A4135-copy.jpg', 'https://debutant-store.com/wp-content/uploads/2019/09/00-0O9A4135-copy.jpg', 'https://debutant-store.com/wp-content/uploads/2019/09/00-0O9A4143-copy.jpg', 'https://debutant-store.com/wp-content/uploads/2019/09/00-0O9A4143-copy.jpg', 'https://debutant-store.com/wp-content/uploads/2019/09/P-0O9A4146-copy.jpg', 'https://debutant-store.com/wp-content/uploads/2019/09/P-0O9A4146-copy.jpg'];['extra-grande'];"Agotado
                
               "
Camiseta Rock&Roll and Cocido;['29,90€', '26,91€'];Camiseta 100% algodón orgánico certificado, manga corta y cuello redondo. Color gris melange. Corte unisex. Modelo viste talla L. Diseño original de debutànt.;['https://debutant-store.com/wp-content/uploads/2019/03/00-0O9A3972-copy.jpg', 'https://debutant-store.com/wp-content/uploads/2019/03/00-0O9A3972-copy.jpg', 'https://debutant-store.com/wp-content/uploads/2019/03/00-0O9A3983-copy.jpg', 'https://debutant-store.com/wp-content/uploads/2019/03/00-0O9A3983-copy.jpg', 'https://debutant-store.com/wp-content/uploads/2019/03/00-0O9A3987-copy.jpg', 'https://debutant-store.com/wp-content/uploads/2019/03/00-0O9A3987-copy.jpg'];['pequena'];"Agotado
                
               "
Camiseta Rock&Roll and Cocido;['29,90€', '26,91€'];Camiseta 100% algodón orgánico certificado, manga corta y cuello redondo. Color gris melange. Corte unisex. Modelo viste talla L. Diseño original de debutànt.;['https://debutant-store.com/wp-content/uploads/2019/03/00-0O9A3972-copy.jpg', 'https://debutant-store.com/wp-content/uploads/2019/03/00-0O9A3972-copy.jpg', 'https://debutant-store.com/wp-content/uploads/2019/03/00-0O9A3983-copy.jpg', 'https://debutant-store.com/wp-content/uploads/2019/03/00-0O9A3983-copy.jpg', 'https://debutant-store.com/wp-content/uploads/2019/03/00-0O9A3987-copy.jpg', 'https://debutant-store.com/wp-content/uploads/2019/03/00-0O9A3987-copy.jpg'];['mediana'];"Agotado
                
               "
Camiseta Rock&Roll and Cocido;['29,90€', '26,91€'];Camiseta 100% algodón orgánico certificado, manga corta y cuello redondo. Color gris melange. Corte unisex. Modelo viste talla L. Diseño original de debutànt.;['https://debutant-store.com/wp-content/uploads/2019/03/00-0O9A3972-copy.jpg', 'https://debutant-store.com/wp-content/uploads/2019/03/00-0O9A3972-copy.jpg', 'https://debutant-store.com/wp-content/uploads/2019/03/00-0O9A3983-copy.jpg', 'https://debutant-store.com/wp-content/uploads/2019/03/00-0O9A3983-copy.jpg', 'https://debutant-store.com/wp-content/uploads/2019/03/00-0O9A3987-copy.jpg', 'https://debutant-store.com/wp-content/uploads/2019/03/00-0O9A3987-copy.jpg'];['grande'];Solo quedan 1 disponibles
Camiseta Rock&Roll and Cocido;['29,90€', '26,91€'];Camiseta 100% algodón orgánico certificado, manga corta y cuello redondo. Color gris melange. Corte unisex. Modelo viste talla L. Diseño original de debutànt.;['https://debutant-store.com/wp-content/uploads/2019/03/00-0O9A3972-copy.jpg', 'https://debutant-store.com/wp-content/uploads/2019/03/00-0O9A3972-copy.jpg', 'https://debutant-store.com/wp-content/uploads/2019/03/00-0O9A3983-copy.jpg', 'https://debutant-store.com/wp-content/uploads/2019/03/00-0O9A3983-copy.jpg', 'https://debutant-store.com/wp-content/uploads/2019/03/00-0O9A3987-copy.jpg', 'https://debutant-store.com/wp-content/uploads/2019/03/00-0O9A3987-copy.jpg'];['extra-grande'];Solo quedan 1 disponibles
Camiseta Nasti de Plastic;['31,90€', '28,71€'];Camiseta 100% algodón orgánico certificado, manga corta y cuello redondo. Color gris oscuro. Corte mujer. Modelo viste talla S. Diseño original de debutànt.;['https://debutant-store.com/wp-content/uploads/2020/02/00-0O9A4009.jpg', 'https://debutant-store.com/wp-content/uploads/2020/02/00-0O9A4009.jpg', 'https://debutant-store.com/wp-content/uploads/2020/02/00-0O9A4015.jpg', 'https://debutant-store.com/wp-content/uploads/2020/02/00-0O9A4015.jpg', 'https://debutant-store.com/wp-content/uploads/2020/02/00-0O9A4028.jpg', 'https://debutant-store.com/wp-content/uploads/2020/02/00-0O9A4028.jpg'];['pequena'];"Hay existencias
"
Camiseta Nasti de Plastic;['31,90€', '28,71€'];Camiseta 100% algodón orgánico certificado, manga corta y cuello redondo. Color gris oscuro. Corte mujer. Modelo viste talla S. Diseño original de debutànt.;['https://debutant-store.com/wp-content/uploads/2020/02/00-0O9A4009.jpg', 'https://debutant-store.com/wp-content/uploads/2020/02/00-0O9A4009.jpg', 'https://debutant-store.com/wp-content/uploads/2020/02/00-0O9A4015.jpg', 'https://debutant-store.com/wp-content/uploads/2020/02/00-0O9A4015.jpg', 'https://debutant-store.com/wp-content/uploads/2020/02/00-0O9A4028.jpg', 'https://debutant-store.com/wp-content/uploads/2020/02/00-0O9A4028.jpg'];['mediana'];"Hay existencias
"
Camiseta Nasti de Plastic;['31,90€', '28,71€'];Camiseta 100% algodón orgánico certificado, manga corta y cuello redondo. Color gris oscuro. Corte mujer. Modelo viste talla S. Diseño original de debutànt.;['https://debutant-store.com/wp-content/uploads/2020/02/00-0O9A4009.jpg', 'https://debutant-store.com/wp-content/uploads/2020/02/00-0O9A4009.jpg', 'https://debutant-store.com/wp-content/uploads/2020/02/00-0O9A4015.jpg', 'https://debutant-store.com/wp-content/uploads/2020/02/00-0O9A4015.jpg', 'https://debutant-store.com/wp-content/uploads/2020/02/00-0O9A4028.jpg', 'https://debutant-store.com/wp-content/uploads/2020/02/00-0O9A4028.jpg'];['grande'];"Hay existencias
"
Camiseta Nasti de Plastic;['31,90€', '28,71€'];Camiseta 100% algodón orgánico certificado, manga corta y cuello redondo. Color gris oscuro. Corte mujer. Modelo viste talla S. Diseño original de debutànt.;['https://debutant-store.com/wp-content/uploads/2020/02/00-0O9A4009.jpg', 'https://debutant-store.com/wp-content/uploads/2020/02/00-0O9A4009.jpg', 'https://debutant-store.com/wp-content/uploads/2020/02/00-0O9A4015.jpg', 'https://debutant-store.com/wp-content/uploads/2020/02/00-0O9A4015.jpg', 'https://debutant-store.com/wp-content/uploads/2020/02/00-0O9A4028.jpg', 'https://debutant-store.com/wp-content/uploads/2020/02/00-0O9A4028.jpg'];['extra-grande'];"Hay existencias
"
Camiseta Nasti de Plastic;['31,90€', '28,71€'];Camiseta 100% algodón orgánico certificado, manga corta y cuello redondo. Color gris oscuro. Corte hombre. Modelo viste talla M. Diseño original de debutànt.;['https://debutant-store.com/wp-content/uploads/2018/08/00-0O9A4061-copy.jpg', 'https://debutant-store.com/wp-content/uploads/2018/08/00-0O9A4061-copy.jpg', 'https://debutant-store.com/wp-content/uploads/2018/08/00-0O9A4067-copy.jpg', 'https://debutant-store.com/wp-content/uploads/2018/08/00-0O9A4067-copy.jpg', 'https://debutant-store.com/wp-content/uploads/2018/08/00-0O9A4070b-copy.jpg', 'https://debutant-store.com/wp-content/uploads/2018/08/00-0O9A4070b-copy.jpg'];['pequena'];Solo quedan 1 disponibles
Camiseta Nasti de Plastic;['31,90€', '28,71€'];Camiseta 100% algodón orgánico certificado, manga corta y cuello redondo. Color gris oscuro. Corte hombre. Modelo viste talla M. Diseño original de debutànt.;['https://debutant-store.com/wp-content/uploads/2018/08/00-0O9A4061-copy.jpg', 'https://debutant-store.com/wp-content/uploads/2018/08/00-0O9A4061-copy.jpg', 'https://debutant-store.com/wp-content/uploads/2018/08/00-0O9A4067-copy.jpg', 'https://debutant-store.com/wp-content/uploads/2018/08/00-0O9A4067-copy.jpg', 'https://debutant-store.com/wp-content/uploads/2018/08/00-0O9A4070b-copy.jpg', 'https://debutant-store.com/wp-content/uploads/2018/08/00-0O9A4070b-copy.jpg'];['mediana'];"Hay existencias
"
Camiseta Nasti de Plastic;['31,90€', '28,71€'];Camiseta 100% algodón orgánico certificado, manga corta y cuello redondo. Color gris oscuro. Corte hombre. Modelo viste talla M. Diseño original de debutànt.;['https://debutant-store.com/wp-content/uploads/2018/08/00-0O9A4061-copy.jpg', 'https://debutant-store.com/wp-content/uploads/2018/08/00-0O9A4061-copy.jpg', 'https://debutant-store.com/wp-content/uploads/2018/08/00-0O9A4067-copy.jpg', 'https://debutant-store.com/wp-content/uploads/2018/08/00-0O9A4067-copy.jpg', 'https://debutant-store.com/wp-content/uploads/2018/08/00-0O9A4070b-copy.jpg', 'https://debutant-store.com/wp-content/uploads/2018/08/00-0O9A4070b-copy.jpg'];['grande'];"Agotado
                
               "
Camiseta Nasti de Plastic;['31,90€', '28,71€'];Camiseta 100% algodón orgánico certificado, manga corta y cuello redondo. Color gris oscuro. Corte hombre. Modelo viste talla M. Diseño original de debutànt.;['https://debutant-store.com/wp-content/uploads/2018/08/00-0O9A4061-copy.jpg', 'https://debutant-store.com/wp-content/uploads/2018/08/00-0O9A4061-copy.jpg', 'https://debutant-store.com/wp-content/uploads/2018/08/00-0O9A4067-copy.jpg', 'https://debutant-store.com/wp-content/uploads/2018/08/00-0O9A4067-copy.jpg', 'https://debutant-store.com/wp-content/uploads/2018/08/00-0O9A4070b-copy.jpg', 'https://debutant-store.com/wp-content/uploads/2018/08/00-0O9A4070b-copy.jpg'];['extra-grande'];Solo quedan 1 disponibles
Tote Bag Nasti de Plastic Sea Blue;['13,90€'];Bolsa 100% algodón orgánico. Colorida, versátil y fácil de llevar. Color azul. Medidas 36x42x8 cm. Diseño original de debutànt.;['https://debutant-store.com/wp-content/uploads/2019/10/00-0O9A4260-copy.jpg', 'https://debutant-store.com/wp-content/uploads/2019/10/00-0O9A4260-copy.jpg', 'https://debutant-store.com/wp-content/uploads/2019/10/00-0O9A4264-copy.jpg', 'https://debutant-store.com/wp-content/uploads/2019/10/00-0O9A4264-copy.jpg', 'https://debutant-store.com/wp-content/uploads/2019/10/00-0O9A4267-copy.jpg', 'https://debutant-store.com/wp-content/uploads/2019/10/00-0O9A4267-copy.jpg'];;
Tote Bag Nasti de Plastic Burgundy;['13,90€'];Bolsa 100% algodón orgánico. Colorida, versátil y fácil de llevar. Color burdeos. Medidas 36x42x8 cm. Diseño original de debutànt.;['https://debutant-store.com/wp-content/uploads/2019/10/P-0O9A4290-copy.jpg', 'https://debutant-store.com/wp-content/uploads/2019/10/P-0O9A4290-copy.jpg', 'https://debutant-store.com/wp-content/uploads/2019/10/00-0O9A4288-copy.jpg', 'https://debutant-store.com/wp-content/uploads/2019/10/00-0O9A4288-copy.jpg'];;
Camiseta Organic;['30,90€', '27,81€'];Camiseta 100% algodón orgánico, manga corta y cuello redondo. Color azul marino. Corte mujer, acabado peach finish. Modelo viste talla S. Diseño original de debutànt.;['https://debutant-store.com/wp-content/uploads/2019/10/00-0O9A3900-copy.jpg', 'https://debutant-store.com/wp-content/uploads/2019/10/00-0O9A3900-copy.jpg', 'https://debutant-store.com/wp-content/uploads/2019/10/00-0O9A3913-copy.jpg', 'https://debutant-store.com/wp-content/uploads/2019/10/00-0O9A3913-copy.jpg', 'https://debutant-store.com/wp-content/uploads/2019/10/P-0O9A3904-copy.jpg', 'https://debutant-store.com/wp-content/uploads/2019/10/P-0O9A3904-copy.jpg'];['pequena'];"Hay existencias
"
Camiseta Organic;['30,90€', '27,81€'];Camiseta 100% algodón orgánico, manga corta y cuello redondo. Color azul marino. Corte mujer, acabado peach finish. Modelo viste talla S. Diseño original de debutànt.;['https://debutant-store.com/wp-content/uploads/2019/10/00-0O9A3900-copy.jpg', 'https://debutant-store.com/wp-content/uploads/2019/10/00-0O9A3900-copy.jpg', 'https://debutant-store.com/wp-content/uploads/2019/10/00-0O9A3913-copy.jpg', 'https://debutant-store.com/wp-content/uploads/2019/10/00-0O9A3913-copy.jpg', 'https://debutant-store.com/wp-content/uploads/2019/10/P-0O9A3904-copy.jpg', 'https://debutant-store.com/wp-content/uploads/2019/10/P-0O9A3904-copy.jpg'];['mediana'];"Hay existencias
"
Camiseta Organic;['30,90€', '27,81€'];Camiseta 100% algodón orgánico, manga corta y cuello redondo. Color azul marino. Corte mujer, acabado peach finish. Modelo viste talla S. Diseño original de debutànt.;['https://debutant-store.com/wp-content/uploads/2019/10/00-0O9A3900-copy.jpg', 'https://debutant-store.com/wp-content/uploads/2019/10/00-0O9A3900-copy.jpg', 'https://debutant-store.com/wp-content/uploads/2019/10/00-0O9A3913-copy.jpg', 'https://debutant-store.com/wp-content/uploads/2019/10/00-0O9A3913-copy.jpg', 'https://debutant-store.com/wp-content/uploads/2019/10/P-0O9A3904-copy.jpg', 'https://debutant-store.com/wp-content/uploads/2019/10/P-0O9A3904-copy.jpg'];['grande'];"Hay existencias
"
Camiseta Organic;['30,90€', '27,81€'];Camiseta 100% algodón orgánico, manga corta y cuello redondo. Color azul marino. Corte mujer, acabado peach finish. Modelo viste talla S. Diseño original de debutànt.;['https://debutant-store.com/wp-content/uploads/2019/10/00-0O9A3900-copy.jpg', 'https://debutant-store.com/wp-content/uploads/2019/10/00-0O9A3900-copy.jpg', 'https://debutant-store.com/wp-content/uploads/2019/10/00-0O9A3913-copy.jpg', 'https://debutant-store.com/wp-content/uploads/2019/10/00-0O9A3913-copy.jpg', 'https://debutant-store.com/wp-content/uploads/2019/10/P-0O9A3904-copy.jpg', 'https://debutant-store.com/wp-content/uploads/2019/10/P-0O9A3904-copy.jpg'];['extra-grande'];"Hay existencias
"
Camiseta Fulanita y Menganito Navy;['29,90€', '26,91€'];Camiseta 100% algodón orgánico certificado, manga corta y cuello redondo. Color azul marino. Corte unisex. Modelo viste talla S. Diseño original de debutànt.;['https://debutant-store.com/wp-content/uploads/2019/09/Fulanita-navy-portada.jpg', 'https://debutant-store.com/wp-content/uploads/2019/09/Fulanita-navy-portada.jpg', 'https://debutant-store.com/wp-content/uploads/2019/09/Fulanita-French-Nay-Ella-4.jpg', 'https://debutant-store.com/wp-content/uploads/2019/09/Fulanita-French-Nay-Ella-4.jpg'];['pequena'];"Agotado
                
               "
Camiseta Fulanita y Menganito Navy;['29,90€', '26,91€'];Camiseta 100% algodón orgánico certificado, manga corta y cuello redondo. Color azul marino. Corte unisex. Modelo viste talla S. Diseño original de debutànt.;['https://debutant-store.com/wp-content/uploads/2019/09/Fulanita-navy-portada.jpg', 'https://debutant-store.com/wp-content/uploads/2019/09/Fulanita-navy-portada.jpg', 'https://debutant-store.com/wp-content/uploads/2019/09/Fulanita-French-Nay-Ella-4.jpg', 'https://debutant-store.com/wp-content/uploads/2019/09/Fulanita-French-Nay-Ella-4.jpg'];['mediana'];"Agotado
                
               "
Camiseta Fulanita y Menganito Navy;['29,90€', '26,91€'];Camiseta 100% algodón orgánico certificado, manga corta y cuello redondo. Color azul marino. Corte unisex. Modelo viste talla S. Diseño original de debutànt.;['https://debutant-store.com/wp-content/uploads/2019/09/Fulanita-navy-portada.jpg', 'https://debutant-store.com/wp-content/uploads/2019/09/Fulanita-navy-portada.jpg', 'https://debutant-store.com/wp-content/uploads/2019/09/Fulanita-French-Nay-Ella-4.jpg', 'https://debutant-store.com/wp-content/uploads/2019/09/Fulanita-French-Nay-Ella-4.jpg'];['grande'];"Agotado
                
               "
Camiseta Fulanita y Menganito Navy;['29,90€', '26,91€'];Camiseta 100% algodón orgánico certificado, manga corta y cuello redondo. Color azul marino. Corte unisex. Modelo viste talla S. Diseño original de debutànt.;['https://debutant-store.com/wp-content/uploads/2019/09/Fulanita-navy-portada.jpg', 'https://debutant-store.com/wp-content/uploads/2019/09/Fulanita-navy-portada.jpg', 'https://debutant-store.com/wp-content/uploads/2019/09/Fulanita-French-Nay-Ella-4.jpg', 'https://debutant-store.com/wp-content/uploads/2019/09/Fulanita-French-Nay-Ella-4.jpg'];['extra-grande'];"Agotado
                
               "
Camiseta Fulanita y Menganito White;['29,90€', '26,91€'];Camiseta 100% algodón orgánico certificado, manga corta y cuello redondo. Color blanco. Corte unisex. Modelo viste talla S. Diseño original de debutànt.;['https://debutant-store.com/wp-content/uploads/2019/09/Fulanita-white-she-4-1.jpg', 'https://debutant-store.com/wp-content/uploads/2019/09/Fulanita-white-she-4-1.jpg', 'https://debutant-store.com/wp-content/uploads/2019/09/Fulanita-white-she-3.jpg', 'https://debutant-store.com/wp-content/uploads/2019/09/Fulanita-white-she-3.jpg'];['pequena'];"Agotado
                
               "
Camiseta Fulanita y Menganito White;['29,90€', '26,91€'];Camiseta 100% algodón orgánico certificado, manga corta y cuello redondo. Color blanco. Corte unisex. Modelo viste talla S. Diseño original de debutànt.;['https://debutant-store.com/wp-content/uploads/2019/09/Fulanita-white-she-4-1.jpg', 'https://debutant-store.com/wp-content/uploads/2019/09/Fulanita-white-she-4-1.jpg', 'https://debutant-store.com/wp-content/uploads/2019/09/Fulanita-white-she-3.jpg', 'https://debutant-store.com/wp-content/uploads/2019/09/Fulanita-white-she-3.jpg'];['mediana'];"Agotado
                
               "
Camiseta Fulanita y Menganito White;['29,90€', '26,91€'];Camiseta 100% algodón orgánico certificado, manga corta y cuello redondo. Color blanco. Corte unisex. Modelo viste talla S. Diseño original de debutànt.;['https://debutant-store.com/wp-content/uploads/2019/09/Fulanita-white-she-4-1.jpg', 'https://debutant-store.com/wp-content/uploads/2019/09/Fulanita-white-she-4-1.jpg', 'https://debutant-store.com/wp-content/uploads/2019/09/Fulanita-white-she-3.jpg', 'https://debutant-store.com/wp-content/uploads/2019/09/Fulanita-white-she-3.jpg'];['grande'];Solo quedan 1 disponibles
Camiseta Fulanita y Menganito White;['29,90€', '26,91€'];Camiseta 100% algodón orgánico certificado, manga corta y cuello redondo. Color blanco. Corte unisex. Modelo viste talla S. Diseño original de debutànt.;['https://debutant-store.com/wp-content/uploads/2019/09/Fulanita-white-she-4-1.jpg', 'https://debutant-store.com/wp-content/uploads/2019/09/Fulanita-white-she-4-1.jpg', 'https://debutant-store.com/wp-content/uploads/2019/09/Fulanita-white-she-3.jpg', 'https://debutant-store.com/wp-content/uploads/2019/09/Fulanita-white-she-3.jpg'];['extra-grande'];"Agotado
                
               "
Tote Bag Fulanita y Menganito;['13,00€'];Bolsa 100% algodón natural. Asa larga, versátil y fácil de llevar. Color natural. Medidas 38x42cm. Diseño original de debutànt.;['https://debutant-store.com/wp-content/uploads/2019/03/1620fulanita-y-menganito.jpg', 'https://debutant-store.com/wp-content/uploads/2019/03/1620fulanita-y-menganito.jpg', 'https://debutant-store.com/wp-content/uploads/2019/03/Bolsa-Fulanita-y-Menganito-2.jpg', 'https://debutant-store.com/wp-content/uploads/2019/03/Bolsa-Fulanita-y-Menganito-2.jpg'];;
Camiseta Slow Life;['29,90€', '26,91€'];Camiseta 100% algodón orgánico certificado, manga corta y cuello redondo. Color vintage white. Corte unisex. Modelo viste talla S. Diseño original de debutànt.;['https://debutant-store.com/wp-content/uploads/2019/09/Slow-life-ella-1b.jpg', 'https://debutant-store.com/wp-content/uploads/2019/09/Slow-life-ella-1b.jpg', 'https://debutant-store.com/wp-content/uploads/2019/09/Slow-life-ella-2.jpg', 'https://debutant-store.com/wp-content/uploads/2019/09/Slow-life-ella-2.jpg'];['pequena'];Solo quedan 1 disponibles
Camiseta Slow Life;['29,90€', '26,91€'];Camiseta 100% algodón orgánico certificado, manga corta y cuello redondo. Color vintage white. Corte unisex. Modelo viste talla S. Diseño original de debutànt.;['https://debutant-store.com/wp-content/uploads/2019/09/Slow-life-ella-1b.jpg', 'https://debutant-store.com/wp-content/uploads/2019/09/Slow-life-ella-1b.jpg', 'https://debutant-store.com/wp-content/uploads/2019/09/Slow-life-ella-2.jpg', 'https://debutant-store.com/wp-content/uploads/2019/09/Slow-life-ella-2.jpg'];['mediana'];Solo quedan 1 disponibles
Camiseta Slow Life;['29,90€', '26,91€'];Camiseta 100% algodón orgánico certificado, manga corta y cuello redondo. Color vintage white. Corte unisex. Modelo viste talla S. Diseño original de debutànt.;['https://debutant-store.com/wp-content/uploads/2019/09/Slow-life-ella-1b.jpg', 'https://debutant-store.com/wp-content/uploads/2019/09/Slow-life-ella-1b.jpg', 'https://debutant-store.com/wp-content/uploads/2019/09/Slow-life-ella-2.jpg', 'https://debutant-store.com/wp-content/uploads/2019/09/Slow-life-ella-2.jpg'];['grande'];Solo quedan 1 disponibles
Camiseta Slow Life;['29,90€', '26,91€'];Camiseta 100% algodón orgánico certificado, manga corta y cuello redondo. Color vintage white. Corte unisex. Modelo viste talla S. Diseño original de debutànt.;['https://debutant-store.com/wp-content/uploads/2019/09/Slow-life-ella-1b.jpg', 'https://debutant-store.com/wp-content/uploads/2019/09/Slow-life-ella-1b.jpg', 'https://debutant-store.com/wp-content/uploads/2019/09/Slow-life-ella-2.jpg', 'https://debutant-store.com/wp-content/uploads/2019/09/Slow-life-ella-2.jpg'];['extra-grande'];Solo quedan 1 disponibles
Camiseta Trending Tropic Top;['30,00€', '27,00€'];Camiseta 100% algodón orgánico, manga corta, cuello en frontal y espalda. Color verde oliva. Corte mujer, dobladillo doble y tejido ligero. Modelo viste talla S. Diseño original de debutànt.;['https://debutant-store.com/wp-content/uploads/2020/03/1300-web-S-0O9A5647-copyb.jpg', 'https://debutant-store.com/wp-content/uploads/2020/03/1300-web-S-0O9A5647-copyb.jpg', 'https://debutant-store.com/wp-content/uploads/2020/03/1300-web-S-0O9A5661-copy.jpg', 'https://debutant-store.com/wp-content/uploads/2020/03/1300-web-S-0O9A5661-copy.jpg', 'https://debutant-store.com/wp-content/uploads/2020/03/1300-web-S-0O9A5666-copy.jpg', 'https://debutant-store.com/wp-content/uploads/2020/03/1300-web-S-0O9A5666-copy.jpg'];['pequena'];"Hay existencias
"
Camiseta Trending Tropic Top;['30,00€', '27,00€'];Camiseta 100% algodón orgánico, manga corta, cuello en frontal y espalda. Color verde oliva. Corte mujer, dobladillo doble y tejido ligero. Modelo viste talla S. Diseño original de debutànt.;['https://debutant-store.com/wp-content/uploads/2020/03/1300-web-S-0O9A5647-copyb.jpg', 'https://debutant-store.com/wp-content/uploads/2020/03/1300-web-S-0O9A5647-copyb.jpg', 'https://debutant-store.com/wp-content/uploads/2020/03/1300-web-S-0O9A5661-copy.jpg', 'https://debutant-store.com/wp-content/uploads/2020/03/1300-web-S-0O9A5661-copy.jpg', 'https://debutant-store.com/wp-content/uploads/2020/03/1300-web-S-0O9A5666-copy.jpg', 'https://debutant-store.com/wp-content/uploads/2020/03/1300-web-S-0O9A5666-copy.jpg'];['mediana'];"Hay existencias
"
Camiseta Trending Tropic Top;['30,00€', '27,00€'];Camiseta 100% algodón orgánico, manga corta, cuello en frontal y espalda. Color verde oliva. Corte mujer, dobladillo doble y tejido ligero. Modelo viste talla S. Diseño original de debutànt.;['https://debutant-store.com/wp-content/uploads/2020/03/1300-web-S-0O9A5647-copyb.jpg', 'https://debutant-store.com/wp-content/uploads/2020/03/1300-web-S-0O9A5647-copyb.jpg', 'https://debutant-store.com/wp-content/uploads/2020/03/1300-web-S-0O9A5661-copy.jpg', 'https://debutant-store.com/wp-content/uploads/2020/03/1300-web-S-0O9A5661-copy.jpg', 'https://debutant-store.com/wp-content/uploads/2020/03/1300-web-S-0O9A5666-copy.jpg', 'https://debutant-store.com/wp-content/uploads/2020/03/1300-web-S-0O9A5666-copy.jpg'];['grande'];"Hay existencias
"
Camiseta Trending Tropic Top;['30,00€', '27,00€'];Camiseta 100% algodón orgánico, manga corta, cuello en frontal y espalda. Color verde oliva. Corte mujer, dobladillo doble y tejido ligero. Modelo viste talla S. Diseño original de debutànt.;['https://debutant-store.com/wp-content/uploads/2020/03/1300-web-S-0O9A5647-copyb.jpg', 'https://debutant-store.com/wp-content/uploads/2020/03/1300-web-S-0O9A5647-copyb.jpg', 'https://debutant-store.com/wp-content/uploads/2020/03/1300-web-S-0O9A5661-copy.jpg', 'https://debutant-store.com/wp-content/uploads/2020/03/1300-web-S-0O9A5661-copy.jpg', 'https://debutant-store.com/wp-content/uploads/2020/03/1300-web-S-0O9A5666-copy.jpg', 'https://debutant-store.com/wp-content/uploads/2020/03/1300-web-S-0O9A5666-copy.jpg'];['extra-grande'];Solo quedan 1 disponibles
Camiseta Yo Sí Tengo Pueblo;['29,90€', '26,91€'];Camiseta 100% algodón orgánico certificado, manga corta y cuello redondo. Color vintage white. Corte unisex. Modelo viste talla S. Diseño original de debutànt.;['https://debutant-store.com/wp-content/uploads/2019/09/Editar-0O9A0466.jpg', 'https://debutant-store.com/wp-content/uploads/2019/09/Editar-0O9A0466.jpg', 'https://debutant-store.com/wp-content/uploads/2019/09/Yo-Si-Tengo-Ella-3.jpg', 'https://debutant-store.com/wp-content/uploads/2019/09/Yo-Si-Tengo-Ella-3.jpg'];['pequena'];"Hay existencias
"
Camiseta Yo Sí Tengo Pueblo;['29,90€', '26,91€'];Camiseta 100% algodón orgánico certificado, manga corta y cuello redondo. Color vintage white. Corte unisex. Modelo viste talla S. Diseño original de debutànt.;['https://debutant-store.com/wp-content/uploads/2019/09/Editar-0O9A0466.jpg', 'https://debutant-store.com/wp-content/uploads/2019/09/Editar-0O9A0466.jpg', 'https://debutant-store.com/wp-content/uploads/2019/09/Yo-Si-Tengo-Ella-3.jpg', 'https://debutant-store.com/wp-content/uploads/2019/09/Yo-Si-Tengo-Ella-3.jpg'];['mediana'];"Hay existencias
"
Camiseta Yo Sí Tengo Pueblo;['29,90€', '26,91€'];Camiseta 100% algodón orgánico certificado, manga corta y cuello redondo. Color vintage white. Corte unisex. Modelo viste talla S. Diseño original de debutànt.;['https://debutant-store.com/wp-content/uploads/2019/09/Editar-0O9A0466.jpg', 'https://debutant-store.com/wp-content/uploads/2019/09/Editar-0O9A0466.jpg', 'https://debutant-store.com/wp-content/uploads/2019/09/Yo-Si-Tengo-Ella-3.jpg', 'https://debutant-store.com/wp-content/uploads/2019/09/Yo-Si-Tengo-Ella-3.jpg'];['grande'];"Hay existencias
"
Camiseta Yo Sí Tengo Pueblo;['29,90€', '26,91€'];Camiseta 100% algodón orgánico certificado, manga corta y cuello redondo. Color vintage white. Corte unisex. Modelo viste talla S. Diseño original de debutànt.;['https://debutant-store.com/wp-content/uploads/2019/09/Editar-0O9A0466.jpg', 'https://debutant-store.com/wp-content/uploads/2019/09/Editar-0O9A0466.jpg', 'https://debutant-store.com/wp-content/uploads/2019/09/Yo-Si-Tengo-Ella-3.jpg', 'https://debutant-store.com/wp-content/uploads/2019/09/Yo-Si-Tengo-Ella-3.jpg'];['extra-grande'];Solo quedan 1 disponibles
Camiseta A Mi Plin;['29,90€', '26,91€'];Camiseta 100% algodón orgánico certificado, manga corta y cuello en canalé. Color vintage white. Corte unisex. Modelo viste talla S. Diseño original de debutànt.;['https://debutant-store.com/wp-content/uploads/2019/09/00-0O9A4155-copy.jpg', 'https://debutant-store.com/wp-content/uploads/2019/09/00-0O9A4155-copy.jpg', 'https://debutant-store.com/wp-content/uploads/2019/09/00-0O9A4159-copy.jpg', 'https://debutant-store.com/wp-content/uploads/2019/09/00-0O9A4159-copy.jpg'];['extra-pequena'];Solo quedan 2 disponibles
Camiseta A Mi Plin;['29,90€', '26,91€'];Camiseta 100% algodón orgánico certificado, manga corta y cuello en canalé. Color vintage white. Corte unisex. Modelo viste talla S. Diseño original de debutànt.;['https://debutant-store.com/wp-content/uploads/2019/09/00-0O9A4155-copy.jpg', 'https://debutant-store.com/wp-content/uploads/2019/09/00-0O9A4155-copy.jpg', 'https://debutant-store.com/wp-content/uploads/2019/09/00-0O9A4159-copy.jpg', 'https://debutant-store.com/wp-content/uploads/2019/09/00-0O9A4159-copy.jpg'];['pequena'];"Agotado
                
               "
Camiseta A Mi Plin;['29,90€', '26,91€'];Camiseta 100% algodón orgánico certificado, manga corta y cuello en canalé. Color vintage white. Corte unisex. Modelo viste talla S. Diseño original de debutànt.;['https://debutant-store.com/wp-content/uploads/2019/09/00-0O9A4155-copy.jpg', 'https://debutant-store.com/wp-content/uploads/2019/09/00-0O9A4155-copy.jpg', 'https://debutant-store.com/wp-content/uploads/2019/09/00-0O9A4159-copy.jpg', 'https://debutant-store.com/wp-content/uploads/2019/09/00-0O9A4159-copy.jpg'];['mediana'];"Agotado
                
               "
Camiseta A Mi Plin;['29,90€', '26,91€'];Camiseta 100% algodón orgánico certificado, manga corta y cuello en canalé. Color vintage white. Corte unisex. Modelo viste talla S. Diseño original de debutànt.;['https://debutant-store.com/wp-content/uploads/2019/09/00-0O9A4155-copy.jpg', 'https://debutant-store.com/wp-content/uploads/2019/09/00-0O9A4155-copy.jpg', 'https://debutant-store.com/wp-content/uploads/2019/09/00-0O9A4159-copy.jpg', 'https://debutant-store.com/wp-content/uploads/2019/09/00-0O9A4159-copy.jpg'];['grande'];Solo quedan 1 disponibles
Camiseta A Mi Plin;['29,90€', '26,91€'];Camiseta 100% algodón orgánico certificado, manga corta y cuello en canalé. Color vintage white. Corte unisex. Modelo viste talla S. Diseño original de debutànt.;['https://debutant-store.com/wp-content/uploads/2019/09/00-0O9A4155-copy.jpg', 'https://debutant-store.com/wp-content/uploads/2019/09/00-0O9A4155-copy.jpg', 'https://debutant-store.com/wp-content/uploads/2019/09/00-0O9A4159-copy.jpg', 'https://debutant-store.com/wp-content/uploads/2019/09/00-0O9A4159-copy.jpg'];['extra-grande'];Solo quedan 1 disponibles
Camiseta Rock&Roll and Cocido Light;['30,00€', '27,00€'];Camiseta 100% algodón orgánico certificado, manga corta y cuello redondo. Corte mujer y color blanco. Modelo viste talla S. Diseño original de debutànt.;['https://debutant-store.com/wp-content/uploads/2020/03/1300-web-S-0O9A5991-copy.jpg', 'https://debutant-store.com/wp-content/uploads/2020/03/1300-web-S-0O9A5991-copy.jpg', 'https://debutant-store.com/wp-content/uploads/2020/03/1300-web-S-0O9A6003-copy.jpg', 'https://debutant-store.com/wp-content/uploads/2020/03/1300-web-S-0O9A6003-copy.jpg', 'https://debutant-store.com/wp-content/uploads/2020/03/1300-web-S-0O9A6007-copy.jpg', 'https://debutant-store.com/wp-content/uploads/2020/03/1300-web-S-0O9A6007-copy.jpg'];['pequena'];Solo quedan 1 disponibles
Camiseta Rock&Roll and Cocido Light;['30,00€', '27,00€'];Camiseta 100% algodón orgánico certificado, manga corta y cuello redondo. Corte mujer y color blanco. Modelo viste talla S. Diseño original de debutànt.;['https://debutant-store.com/wp-content/uploads/2020/03/1300-web-S-0O9A5991-copy.jpg', 'https://debutant-store.com/wp-content/uploads/2020/03/1300-web-S-0O9A5991-copy.jpg', 'https://debutant-store.com/wp-content/uploads/2020/03/1300-web-S-0O9A6003-copy.jpg', 'https://debutant-store.com/wp-content/uploads/2020/03/1300-web-S-0O9A6003-copy.jpg', 'https://debutant-store.com/wp-content/uploads/2020/03/1300-web-S-0O9A6007-copy.jpg', 'https://debutant-store.com/wp-content/uploads/2020/03/1300-web-S-0O9A6007-copy.jpg'];['mediana'];Solo quedan 2 disponibles
Camiseta Rock&Roll and Cocido Light;['30,00€', '27,00€'];Camiseta 100% algodón orgánico certificado, manga corta y cuello redondo. Corte mujer y color blanco. Modelo viste talla S. Diseño original de debutànt.;['https://debutant-store.com/wp-content/uploads/2020/03/1300-web-S-0O9A5991-copy.jpg', 'https://debutant-store.com/wp-content/uploads/2020/03/1300-web-S-0O9A5991-copy.jpg', 'https://debutant-store.com/wp-content/uploads/2020/03/1300-web-S-0O9A6003-copy.jpg', 'https://debutant-store.com/wp-content/uploads/2020/03/1300-web-S-0O9A6003-copy.jpg', 'https://debutant-store.com/wp-content/uploads/2020/03/1300-web-S-0O9A6007-copy.jpg', 'https://debutant-store.com/wp-content/uploads/2020/03/1300-web-S-0O9A6007-copy.jpg'];['grande'];"Agotado
                
               "
Camiseta Silence “Basic Line”;['32,00€', '28,80€'];;['https://debutant-store.com/wp-content/uploads/2020/03/web-1300-S-0O9A5859-copy.jpg', 'https://debutant-store.com/wp-content/uploads/2020/03/web-1300-S-0O9A5859-copy.jpg', 'https://debutant-store.com/wp-content/uploads/2020/03/web-1300-S-0O9A5870-copy.jpg', 'https://debutant-store.com/wp-content/uploads/2020/03/web-1300-S-0O9A5870-copy.jpg', 'https://debutant-store.com/wp-content/uploads/2020/03/web-1300-S-2-copy.jpg', 'https://debutant-store.com/wp-content/uploads/2020/03/web-1300-S-2-copy.jpg'];['mediana'];Solo quedan 1 disponibles
Camiseta Silence “Basic Line”;['32,00€', '28,80€'];;['https://debutant-store.com/wp-content/uploads/2020/03/web-1300-S-0O9A5859-copy.jpg', 'https://debutant-store.com/wp-content/uploads/2020/03/web-1300-S-0O9A5859-copy.jpg', 'https://debutant-store.com/wp-content/uploads/2020/03/web-1300-S-0O9A5870-copy.jpg', 'https://debutant-store.com/wp-content/uploads/2020/03/web-1300-S-0O9A5870-copy.jpg', 'https://debutant-store.com/wp-content/uploads/2020/03/web-1300-S-2-copy.jpg', 'https://debutant-store.com/wp-content/uploads/2020/03/web-1300-S-2-copy.jpg'];['grande'];Solo quedan 1 disponibles
Camiseta Rock&Roll and Cocido Light;['30,00€', '27,00€'];Camiseta 100% algodón orgánico certificado, manga corta y cuello en canalé. Color blanco. Corte hombre. Modelo viste talla M. Diseño original de debutànt.;['https://debutant-store.com/wp-content/uploads/2020/03/web-1300-S-0O9A6899-copy.jpg', 'https://debutant-store.com/wp-content/uploads/2020/03/web-1300-S-0O9A6899-copy.jpg', 'https://debutant-store.com/wp-content/uploads/2020/03/web-1300-S-0O9A6904-copy.jpg', 'https://debutant-store.com/wp-content/uploads/2020/03/web-1300-S-0O9A6904-copy.jpg', 'https://debutant-store.com/wp-content/uploads/2020/03/web-1300-S-0O9A6901-copy.jpg', 'https://debutant-store.com/wp-content/uploads/2020/03/web-1300-S-0O9A6901-copy.jpg'];['mediana'];"Hay existencias
"
Camiseta Rock&Roll and Cocido Light;['30,00€', '27,00€'];Camiseta 100% algodón orgánico certificado, manga corta y cuello en canalé. Color blanco. Corte hombre. Modelo viste talla M. Diseño original de debutànt.;['https://debutant-store.com/wp-content/uploads/2020/03/web-1300-S-0O9A6899-copy.jpg', 'https://debutant-store.com/wp-content/uploads/2020/03/web-1300-S-0O9A6899-copy.jpg', 'https://debutant-store.com/wp-content/uploads/2020/03/web-1300-S-0O9A6904-copy.jpg', 'https://debutant-store.com/wp-content/uploads/2020/03/web-1300-S-0O9A6904-copy.jpg', 'https://debutant-store.com/wp-content/uploads/2020/03/web-1300-S-0O9A6901-copy.jpg', 'https://debutant-store.com/wp-content/uploads/2020/03/web-1300-S-0O9A6901-copy.jpg'];['grande'];"Hay existencias
"
Camiseta Rock&Roll and Cocido Light;['30,00€', '27,00€'];Camiseta 100% algodón orgánico certificado, manga corta y cuello en canalé. Color blanco. Corte hombre. Modelo viste talla M. Diseño original de debutànt.;['https://debutant-store.com/wp-content/uploads/2020/03/web-1300-S-0O9A6899-copy.jpg', 'https://debutant-store.com/wp-content/uploads/2020/03/web-1300-S-0O9A6899-copy.jpg', 'https://debutant-store.com/wp-content/uploads/2020/03/web-1300-S-0O9A6904-copy.jpg', 'https://debutant-store.com/wp-content/uploads/2020/03/web-1300-S-0O9A6904-copy.jpg', 'https://debutant-store.com/wp-content/uploads/2020/03/web-1300-S-0O9A6901-copy.jpg', 'https://debutant-store.com/wp-content/uploads/2020/03/web-1300-S-0O9A6901-copy.jpg'];['extra-grande'];Solo quedan 2 disponibles
Camiseta Child Spirit;['34,00€', '27,80€'];;['https://debutant-store.com/wp-content/uploads/2020/03/0O9A5594-copy-WEB.jpg', 'https://debutant-store.com/wp-content/uploads/2020/03/0O9A5594-copy-WEB.jpg', 'https://debutant-store.com/wp-content/uploads/2020/03/S-0O9A5626-copy-WEB.jpg', 'https://debutant-store.com/wp-content/uploads/2020/03/S-0O9A5626-copy-WEB.jpg', 'https://debutant-store.com/wp-content/uploads/2020/03/S-0O9A5619-copy-WEB.jpg', 'https://debutant-store.com/wp-content/uploads/2020/03/S-0O9A5619-copy-WEB.jpg'];['pequena'];"Hay existencias
"
Camiseta Child Spirit;['34,00€', '27,80€'];;['https://debutant-store.com/wp-content/uploads/2020/03/0O9A5594-copy-WEB.jpg', 'https://debutant-store.com/wp-content/uploads/2020/03/0O9A5594-copy-WEB.jpg', 'https://debutant-store.com/wp-content/uploads/2020/03/S-0O9A5626-copy-WEB.jpg', 'https://debutant-store.com/wp-content/uploads/2020/03/S-0O9A5626-copy-WEB.jpg', 'https://debutant-store.com/wp-content/uploads/2020/03/S-0O9A5619-copy-WEB.jpg', 'https://debutant-store.com/wp-content/uploads/2020/03/S-0O9A5619-copy-WEB.jpg'];['mediana'];"Hay existencias
"
Camiseta Child Spirit;['34,00€', '27,80€'];;['https://debutant-store.com/wp-content/uploads/2020/03/0O9A5594-copy-WEB.jpg', 'https://debutant-store.com/wp-content/uploads/2020/03/0O9A5594-copy-WEB.jpg', 'https://debutant-store.com/wp-content/uploads/2020/03/S-0O9A5626-copy-WEB.jpg', 'https://debutant-store.com/wp-content/uploads/2020/03/S-0O9A5626-copy-WEB.jpg', 'https://debutant-store.com/wp-content/uploads/2020/03/S-0O9A5619-copy-WEB.jpg', 'https://debutant-store.com/wp-content/uploads/2020/03/S-0O9A5619-copy-WEB.jpg'];['grande'];"Hay existencias
"
Camiseta Child Spirit;['34,00€', '30,60€'];Camiseta 100% algodón orgánico certificado, manga corta y cuello redondo. Color blanco. Corte hombre. Modelo viste talla M. Diseño original de debutànt.;['https://debutant-store.com/wp-content/uploads/2020/03/web-1300-S-0O9A6846-copy.jpg', 'https://debutant-store.com/wp-content/uploads/2020/03/web-1300-S-0O9A6846-copy.jpg', 'https://debutant-store.com/wp-content/uploads/2020/03/web-1300-S-0O9A6838-copy.jpg', 'https://debutant-store.com/wp-content/uploads/2020/03/web-1300-S-0O9A6838-copy.jpg', 'https://debutant-store.com/wp-content/uploads/2020/03/web-1300-S-0O9A6833-copy.jpg', 'https://debutant-store.com/wp-content/uploads/2020/03/web-1300-S-0O9A6833-copy.jpg'];['mediana'];"Hay existencias
"
Camiseta Child Spirit;['34,00€', '30,60€'];Camiseta 100% algodón orgánico certificado, manga corta y cuello redondo. Color blanco. Corte hombre. Modelo viste talla M. Diseño original de debutànt.;['https://debutant-store.com/wp-content/uploads/2020/03/web-1300-S-0O9A6846-copy.jpg', 'https://debutant-store.com/wp-content/uploads/2020/03/web-1300-S-0O9A6846-copy.jpg', 'https://debutant-store.com/wp-content/uploads/2020/03/web-1300-S-0O9A6838-copy.jpg', 'https://debutant-store.com/wp-content/uploads/2020/03/web-1300-S-0O9A6838-copy.jpg', 'https://debutant-store.com/wp-content/uploads/2020/03/web-1300-S-0O9A6833-copy.jpg', 'https://debutant-store.com/wp-content/uploads/2020/03/web-1300-S-0O9A6833-copy.jpg'];['grande'];Solo quedan 2 disponibles
Camiseta Child Spirit;['34,00€', '30,60€'];Camiseta 100% algodón orgánico certificado, manga corta y cuello redondo. Color blanco. Corte hombre. Modelo viste talla M. Diseño original de debutànt.;['https://debutant-store.com/wp-content/uploads/2020/03/web-1300-S-0O9A6846-copy.jpg', 'https://debutant-store.com/wp-content/uploads/2020/03/web-1300-S-0O9A6846-copy.jpg', 'https://debutant-store.com/wp-content/uploads/2020/03/web-1300-S-0O9A6838-copy.jpg', 'https://debutant-store.com/wp-content/uploads/2020/03/web-1300-S-0O9A6838-copy.jpg', 'https://debutant-store.com/wp-content/uploads/2020/03/web-1300-S-0O9A6833-copy.jpg', 'https://debutant-store.com/wp-content/uploads/2020/03/web-1300-S-0O9A6833-copy.jpg'];['extra-grande'];"Hay existencias
"
Camiseta Exotic;['32,00€', '28,80€'];Camiseta 100% algodón orgánico certificado, manga corta y cuello en canalé. Color vintage white. Corte hombre. Modelo viste talla M. Diseño original de debutànt.;['https://debutant-store.com/wp-content/uploads/2020/03/web-1300-S-0O9A6881-copy.jpg', 'https://debutant-store.com/wp-content/uploads/2020/03/web-1300-S-0O9A6881-copy.jpg', 'https://debutant-store.com/wp-content/uploads/2020/03/web-1300-S-0O9A6884-copy.jpg', 'https://debutant-store.com/wp-content/uploads/2020/03/web-1300-S-0O9A6884-copy.jpg', 'https://debutant-store.com/wp-content/uploads/2020/03/web-1300-S-0O9A6892-copy.jpg', 'https://debutant-store.com/wp-content/uploads/2020/03/web-1300-S-0O9A6892-copy.jpg'];['pequena'];Solo quedan 1 disponibles
Camiseta Exotic;['32,00€', '28,80€'];Camiseta 100% algodón orgánico certificado, manga corta y cuello en canalé. Color vintage white. Corte hombre. Modelo viste talla M. Diseño original de debutànt.;['https://debutant-store.com/wp-content/uploads/2020/03/web-1300-S-0O9A6881-copy.jpg', 'https://debutant-store.com/wp-content/uploads/2020/03/web-1300-S-0O9A6881-copy.jpg', 'https://debutant-store.com/wp-content/uploads/2020/03/web-1300-S-0O9A6884-copy.jpg', 'https://debutant-store.com/wp-content/uploads/2020/03/web-1300-S-0O9A6884-copy.jpg', 'https://debutant-store.com/wp-content/uploads/2020/03/web-1300-S-0O9A6892-copy.jpg', 'https://debutant-store.com/wp-content/uploads/2020/03/web-1300-S-0O9A6892-copy.jpg'];['mediana'];"Hay existencias
"
Camiseta Exotic;['32,00€', '28,80€'];Camiseta 100% algodón orgánico certificado, manga corta y cuello en canalé. Color vintage white. Corte hombre. Modelo viste talla M. Diseño original de debutànt.;['https://debutant-store.com/wp-content/uploads/2020/03/web-1300-S-0O9A6881-copy.jpg', 'https://debutant-store.com/wp-content/uploads/2020/03/web-1300-S-0O9A6881-copy.jpg', 'https://debutant-store.com/wp-content/uploads/2020/03/web-1300-S-0O9A6884-copy.jpg', 'https://debutant-store.com/wp-content/uploads/2020/03/web-1300-S-0O9A6884-copy.jpg', 'https://debutant-store.com/wp-content/uploads/2020/03/web-1300-S-0O9A6892-copy.jpg', 'https://debutant-store.com/wp-content/uploads/2020/03/web-1300-S-0O9A6892-copy.jpg'];['grande'];Solo quedan 2 disponibles
Camiseta Exotic;['32,00€', '28,80€'];Camiseta 100% algodón orgánico certificado, manga corta y cuello en canalé. Color vintage white. Corte hombre. Modelo viste talla M. Diseño original de debutànt.;['https://debutant-store.com/wp-content/uploads/2020/03/web-1300-S-0O9A6881-copy.jpg', 'https://debutant-store.com/wp-content/uploads/2020/03/web-1300-S-0O9A6881-copy.jpg', 'https://debutant-store.com/wp-content/uploads/2020/03/web-1300-S-0O9A6884-copy.jpg', 'https://debutant-store.com/wp-content/uploads/2020/03/web-1300-S-0O9A6884-copy.jpg', 'https://debutant-store.com/wp-content/uploads/2020/03/web-1300-S-0O9A6892-copy.jpg', 'https://debutant-store.com/wp-content/uploads/2020/03/web-1300-S-0O9A6892-copy.jpg'];['extra-grande'];Solo quedan 1 disponibles
Camiseta Loca del Moño;['29,90€', '26,91€'];Camiseta 100% algodón orgánico certificado, manga corta y cuello redondo. Color natural. Corte mujer. Modelo viste talla S. Diseño original de debutànt.;['https://debutant-store.com/wp-content/uploads/2019/09/00-0O9A4206-copy.jpg', 'https://debutant-store.com/wp-content/uploads/2019/09/00-0O9A4206-copy.jpg', 'https://debutant-store.com/wp-content/uploads/2019/09/00-0O9A4213-copy.jpg', 'https://debutant-store.com/wp-content/uploads/2019/09/00-0O9A4213-copy.jpg', 'https://debutant-store.com/wp-content/uploads/2019/09/00-0O9A4222-copy.jpg', 'https://debutant-store.com/wp-content/uploads/2019/09/00-0O9A4222-copy.jpg'];['pequena'];Solo quedan 1 disponibles
Camiseta Loca del Moño;['29,90€', '26,91€'];Camiseta 100% algodón orgánico certificado, manga corta y cuello redondo. Color natural. Corte mujer. Modelo viste talla S. Diseño original de debutànt.;['https://debutant-store.com/wp-content/uploads/2019/09/00-0O9A4206-copy.jpg', 'https://debutant-store.com/wp-content/uploads/2019/09/00-0O9A4206-copy.jpg', 'https://debutant-store.com/wp-content/uploads/2019/09/00-0O9A4213-copy.jpg', 'https://debutant-store.com/wp-content/uploads/2019/09/00-0O9A4213-copy.jpg', 'https://debutant-store.com/wp-content/uploads/2019/09/00-0O9A4222-copy.jpg', 'https://debutant-store.com/wp-content/uploads/2019/09/00-0O9A4222-copy.jpg'];['mediana'];Solo quedan 1 disponibles
Camiseta Loca del Moño;['29,90€', '26,91€'];Camiseta 100% algodón orgánico certificado, manga corta y cuello redondo. Color natural. Corte mujer. Modelo viste talla S. Diseño original de debutànt.;['https://debutant-store.com/wp-content/uploads/2019/09/00-0O9A4206-copy.jpg', 'https://debutant-store.com/wp-content/uploads/2019/09/00-0O9A4206-copy.jpg', 'https://debutant-store.com/wp-content/uploads/2019/09/00-0O9A4213-copy.jpg', 'https://debutant-store.com/wp-content/uploads/2019/09/00-0O9A4213-copy.jpg', 'https://debutant-store.com/wp-content/uploads/2019/09/00-0O9A4222-copy.jpg', 'https://debutant-store.com/wp-content/uploads/2019/09/00-0O9A4222-copy.jpg'];['grande'];Solo quedan 2 disponibles
Camiseta Loca del Moño;['29,90€', '26,91€'];Camiseta 100% algodón orgánico certificado, manga corta y cuello redondo. Color natural. Corte mujer. Modelo viste talla S. Diseño original de debutànt.;['https://debutant-store.com/wp-content/uploads/2019/09/00-0O9A4206-copy.jpg', 'https://debutant-store.com/wp-content/uploads/2019/09/00-0O9A4206-copy.jpg', 'https://debutant-store.com/wp-content/uploads/2019/09/00-0O9A4213-copy.jpg', 'https://debutant-store.com/wp-content/uploads/2019/09/00-0O9A4213-copy.jpg', 'https://debutant-store.com/wp-content/uploads/2019/09/00-0O9A4222-copy.jpg', 'https://debutant-store.com/wp-content/uploads/2019/09/00-0O9A4222-copy.jpg'];['extra-grande'];"Hay existencias
"
Camiseta Animal lo seras tú;['32,00€', '25,80€'];Camiseta 100% algodón orgánico certificado, manga corta y cuello redondo. Corte mujer y color blanco. Modelo viste talla S. Diseño original de debutànt.;['https://debutant-store.com/wp-content/uploads/2020/03/web-S-0O9A5725-copy.jpg', 'https://debutant-store.com/wp-content/uploads/2020/03/web-S-0O9A5725-copy.jpg', 'https://debutant-store.com/wp-content/uploads/2020/03/webS-0O9A5755-copy.jpg', 'https://debutant-store.com/wp-content/uploads/2020/03/webS-0O9A5755-copy.jpg', 'https://debutant-store.com/wp-content/uploads/2020/03/webS-0O9A5751-copy.jpg', 'https://debutant-store.com/wp-content/uploads/2020/03/webS-0O9A5751-copy.jpg'];['pequena'];Solo quedan 2 disponibles
Camiseta Animal lo seras tú;['32,00€', '25,80€'];Camiseta 100% algodón orgánico certificado, manga corta y cuello redondo. Corte mujer y color blanco. Modelo viste talla S. Diseño original de debutànt.;['https://debutant-store.com/wp-content/uploads/2020/03/web-S-0O9A5725-copy.jpg', 'https://debutant-store.com/wp-content/uploads/2020/03/web-S-0O9A5725-copy.jpg', 'https://debutant-store.com/wp-content/uploads/2020/03/webS-0O9A5755-copy.jpg', 'https://debutant-store.com/wp-content/uploads/2020/03/webS-0O9A5755-copy.jpg', 'https://debutant-store.com/wp-content/uploads/2020/03/webS-0O9A5751-copy.jpg', 'https://debutant-store.com/wp-content/uploads/2020/03/webS-0O9A5751-copy.jpg'];['mediana'];Solo quedan 2 disponibles
Camiseta Animal lo seras tú;['32,00€', '25,80€'];Camiseta 100% algodón orgánico certificado, manga corta y cuello redondo. Corte mujer y color blanco. Modelo viste talla S. Diseño original de debutànt.;['https://debutant-store.com/wp-content/uploads/2020/03/web-S-0O9A5725-copy.jpg', 'https://debutant-store.com/wp-content/uploads/2020/03/web-S-0O9A5725-copy.jpg', 'https://debutant-store.com/wp-content/uploads/2020/03/webS-0O9A5755-copy.jpg', 'https://debutant-store.com/wp-content/uploads/2020/03/webS-0O9A5755-copy.jpg', 'https://debutant-store.com/wp-content/uploads/2020/03/webS-0O9A5751-copy.jpg', 'https://debutant-store.com/wp-content/uploads/2020/03/webS-0O9A5751-copy.jpg'];['grande'];Solo quedan 1 disponibles
Camiseta Sunday & Vermut;['30,00€', '27,00€'];Camiseta 100% algodón orgánico certificado, manga corta y cuello redondo. Corte mujer y color blanco. Modelo viste talla S. Diseño original de debutànt.;['https://debutant-store.com/wp-content/uploads/2020/03/WEB-1300-S-0O9A6057-copy.jpg', 'https://debutant-store.com/wp-content/uploads/2020/03/WEB-1300-S-0O9A6057-copy.jpg', 'https://debutant-store.com/wp-content/uploads/2020/03/WEB-1300-S-0O9A6064-copy.jpg', 'https://debutant-store.com/wp-content/uploads/2020/03/WEB-1300-S-0O9A6064-copy.jpg', 'https://debutant-store.com/wp-content/uploads/2020/03/WEB-1300-S-0O9A6066-copy.jpg', 'https://debutant-store.com/wp-content/uploads/2020/03/WEB-1300-S-0O9A6066-copy.jpg'];['pequena'];"Hay existencias
"
Camiseta Sunday & Vermut;['30,00€', '27,00€'];Camiseta 100% algodón orgánico certificado, manga corta y cuello redondo. Corte mujer y color blanco. Modelo viste talla S. Diseño original de debutànt.;['https://debutant-store.com/wp-content/uploads/2020/03/WEB-1300-S-0O9A6057-copy.jpg', 'https://debutant-store.com/wp-content/uploads/2020/03/WEB-1300-S-0O9A6057-copy.jpg', 'https://debutant-store.com/wp-content/uploads/2020/03/WEB-1300-S-0O9A6064-copy.jpg', 'https://debutant-store.com/wp-content/uploads/2020/03/WEB-1300-S-0O9A6064-copy.jpg', 'https://debutant-store.com/wp-content/uploads/2020/03/WEB-1300-S-0O9A6066-copy.jpg', 'https://debutant-store.com/wp-content/uploads/2020/03/WEB-1300-S-0O9A6066-copy.jpg'];['mediana'];"Hay existencias
"
Camiseta Sunday & Vermut;['30,00€', '27,00€'];Camiseta 100% algodón orgánico certificado, manga corta y cuello redondo. Corte mujer y color blanco. Modelo viste talla S. Diseño original de debutànt.;['https://debutant-store.com/wp-content/uploads/2020/03/WEB-1300-S-0O9A6057-copy.jpg', 'https://debutant-store.com/wp-content/uploads/2020/03/WEB-1300-S-0O9A6057-copy.jpg', 'https://debutant-store.com/wp-content/uploads/2020/03/WEB-1300-S-0O9A6064-copy.jpg', 'https://debutant-store.com/wp-content/uploads/2020/03/WEB-1300-S-0O9A6064-copy.jpg', 'https://debutant-store.com/wp-content/uploads/2020/03/WEB-1300-S-0O9A6066-copy.jpg', 'https://debutant-store.com/wp-content/uploads/2020/03/WEB-1300-S-0O9A6066-copy.jpg'];['grande'];"Hay existencias
"
Camiseta Sunday & Vermut;['30,00€', '27,00€'];Camiseta 100% algodón orgánico certificado, manga corta y cuello redondo. Corte mujer y color blanco. Modelo viste talla S. Diseño original de debutànt.;['https://debutant-store.com/wp-content/uploads/2020/03/WEB-1300-S-0O9A6057-copy.jpg', 'https://debutant-store.com/wp-content/uploads/2020/03/WEB-1300-S-0O9A6057-copy.jpg', 'https://debutant-store.com/wp-content/uploads/2020/03/WEB-1300-S-0O9A6064-copy.jpg', 'https://debutant-store.com/wp-content/uploads/2020/03/WEB-1300-S-0O9A6064-copy.jpg', 'https://debutant-store.com/wp-content/uploads/2020/03/WEB-1300-S-0O9A6066-copy.jpg', 'https://debutant-store.com/wp-content/uploads/2020/03/WEB-1300-S-0O9A6066-copy.jpg'];['extra-grande'];Solo quedan 1 disponibles
Camiseta Forastera;['29,90€', '26,91€'];Camiseta 100% algodón orgánico certificado, manga corta y cuello redondo. Color off white. Corte mujer. Modelo viste talla S. Diseño original de debutànt.;['https://debutant-store.com/wp-content/uploads/2019/09/S-0O9A6313.jpg', 'https://debutant-store.com/wp-content/uploads/2019/09/S-0O9A6313.jpg', 'https://debutant-store.com/wp-content/uploads/2019/09/S-0O9A6351.jpg', 'https://debutant-store.com/wp-content/uploads/2019/09/S-0O9A6351.jpg'];['mediana'];"Agotado
                
               "
Camiseta Forastera;['29,90€', '26,91€'];Camiseta 100% algodón orgánico certificado, manga corta y cuello redondo. Color off white. Corte mujer. Modelo viste talla S. Diseño original de debutànt.;['https://debutant-store.com/wp-content/uploads/2019/09/S-0O9A6313.jpg', 'https://debutant-store.com/wp-content/uploads/2019/09/S-0O9A6313.jpg', 'https://debutant-store.com/wp-content/uploads/2019/09/S-0O9A6351.jpg', 'https://debutant-store.com/wp-content/uploads/2019/09/S-0O9A6351.jpg'];['grande'];Solo quedan 2 disponibles
Camiseta Forastera;['29,90€', '26,91€'];Camiseta 100% algodón orgánico certificado, manga corta y cuello redondo. Color off white. Corte mujer. Modelo viste talla S. Diseño original de debutànt.;['https://debutant-store.com/wp-content/uploads/2019/09/S-0O9A6313.jpg', 'https://debutant-store.com/wp-content/uploads/2019/09/S-0O9A6313.jpg', 'https://debutant-store.com/wp-content/uploads/2019/09/S-0O9A6351.jpg', 'https://debutant-store.com/wp-content/uploads/2019/09/S-0O9A6351.jpg'];['extra-grande'];"Hay existencias
"
Camiseta Slow Life Geometric;['29,90€', '25,90€'];Camiseta 100% algodón orgánico certificado, manga corta y cuello redondo. Color blanco. Corte unisex. Modelo viste talla S. Diseño original de debutànt.;['https://debutant-store.com/wp-content/uploads/2019/09/Slow-Life-Geometric-Ella-portada.jpg', 'https://debutant-store.com/wp-content/uploads/2019/09/Slow-Life-Geometric-Ella-portada.jpg', 'https://debutant-store.com/wp-content/uploads/2019/09/Slow-Life-Geometric-Ella-4.jpg', 'https://debutant-store.com/wp-content/uploads/2019/09/Slow-Life-Geometric-Ella-4.jpg'];['extra-pequena'];Solo quedan 1 disponibles
Camiseta Slow Life Geometric;['29,90€', '25,90€'];Camiseta 100% algodón orgánico certificado, manga corta y cuello redondo. Color blanco. Corte unisex. Modelo viste talla S. Diseño original de debutànt.;['https://debutant-store.com/wp-content/uploads/2019/09/Slow-Life-Geometric-Ella-portada.jpg', 'https://debutant-store.com/wp-content/uploads/2019/09/Slow-Life-Geometric-Ella-portada.jpg', 'https://debutant-store.com/wp-content/uploads/2019/09/Slow-Life-Geometric-Ella-4.jpg', 'https://debutant-store.com/wp-content/uploads/2019/09/Slow-Life-Geometric-Ella-4.jpg'];['pequena'];"Agotado
                
               "
Camiseta Slow Life Geometric;['29,90€', '25,90€'];Camiseta 100% algodón orgánico certificado, manga corta y cuello redondo. Color blanco. Corte unisex. Modelo viste talla S. Diseño original de debutànt.;['https://debutant-store.com/wp-content/uploads/2019/09/Slow-Life-Geometric-Ella-portada.jpg', 'https://debutant-store.com/wp-content/uploads/2019/09/Slow-Life-Geometric-Ella-portada.jpg', 'https://debutant-store.com/wp-content/uploads/2019/09/Slow-Life-Geometric-Ella-4.jpg', 'https://debutant-store.com/wp-content/uploads/2019/09/Slow-Life-Geometric-Ella-4.jpg'];['mediana'];"Agotado
                
               "
Camiseta Slow Life Geometric;['29,90€', '25,90€'];Camiseta 100% algodón orgánico certificado, manga corta y cuello redondo. Color blanco. Corte unisex. Modelo viste talla S. Diseño original de debutànt.;['https://debutant-store.com/wp-content/uploads/2019/09/Slow-Life-Geometric-Ella-portada.jpg', 'https://debutant-store.com/wp-content/uploads/2019/09/Slow-Life-Geometric-Ella-portada.jpg', 'https://debutant-store.com/wp-content/uploads/2019/09/Slow-Life-Geometric-Ella-4.jpg', 'https://debutant-store.com/wp-content/uploads/2019/09/Slow-Life-Geometric-Ella-4.jpg'];['grande'];Solo quedan 2 disponibles
Camiseta Slow Life Geometric;['29,90€', '25,90€'];Camiseta 100% algodón orgánico certificado, manga corta y cuello redondo. Color blanco. Corte unisex. Modelo viste talla S. Diseño original de debutànt.;['https://debutant-store.com/wp-content/uploads/2019/09/Slow-Life-Geometric-Ella-portada.jpg', 'https://debutant-store.com/wp-content/uploads/2019/09/Slow-Life-Geometric-Ella-portada.jpg', 'https://debutant-store.com/wp-content/uploads/2019/09/Slow-Life-Geometric-Ella-4.jpg', 'https://debutant-store.com/wp-content/uploads/2019/09/Slow-Life-Geometric-Ella-4.jpg'];['extra-grande'];"Hay existencias
"
Camiseta Aretha;['31,90€', '28,71€'];Camiseta 100% algodón orgánico certificado, manga corta y cuello redondo. Color gris efecto lavado a la piedra. Corte mujer. Modelo viste talla S. Diseño original de debutànt.;['https://debutant-store.com/wp-content/uploads/2019/10/00-0O9A3874-copy.jpg', 'https://debutant-store.com/wp-content/uploads/2019/10/00-0O9A3874-copy.jpg', 'https://debutant-store.com/wp-content/uploads/2019/10/00-0O9A3885-copy.jpg', 'https://debutant-store.com/wp-content/uploads/2019/10/00-0O9A3885-copy.jpg', 'https://debutant-store.com/wp-content/uploads/2019/11/P-0O9A3892B-copy.jpg', 'https://debutant-store.com/wp-content/uploads/2019/11/P-0O9A3892B-copy.jpg', 'https://debutant-store.com/wp-content/uploads/2019/10/00-0O9A3876-copy.jpg', 'https://debutant-store.com/wp-content/uploads/2019/10/00-0O9A3876-copy.jpg'];['pequena'];"Hay existencias
"
Camiseta Aretha;['31,90€', '28,71€'];Camiseta 100% algodón orgánico certificado, manga corta y cuello redondo. Color gris efecto lavado a la piedra. Corte mujer. Modelo viste talla S. Diseño original de debutànt.;['https://debutant-store.com/wp-content/uploads/2019/10/00-0O9A3874-copy.jpg', 'https://debutant-store.com/wp-content/uploads/2019/10/00-0O9A3874-copy.jpg', 'https://debutant-store.com/wp-content/uploads/2019/10/00-0O9A3885-copy.jpg', 'https://debutant-store.com/wp-content/uploads/2019/10/00-0O9A3885-copy.jpg', 'https://debutant-store.com/wp-content/uploads/2019/11/P-0O9A3892B-copy.jpg', 'https://debutant-store.com/wp-content/uploads/2019/11/P-0O9A3892B-copy.jpg', 'https://debutant-store.com/wp-content/uploads/2019/10/00-0O9A3876-copy.jpg', 'https://debutant-store.com/wp-content/uploads/2019/10/00-0O9A3876-copy.jpg'];['mediana'];"Hay existencias
"
Camiseta Aretha;['31,90€', '28,71€'];Camiseta 100% algodón orgánico certificado, manga corta y cuello redondo. Color gris efecto lavado a la piedra. Corte mujer. Modelo viste talla S. Diseño original de debutànt.;['https://debutant-store.com/wp-content/uploads/2019/10/00-0O9A3874-copy.jpg', 'https://debutant-store.com/wp-content/uploads/2019/10/00-0O9A3874-copy.jpg', 'https://debutant-store.com/wp-content/uploads/2019/10/00-0O9A3885-copy.jpg', 'https://debutant-store.com/wp-content/uploads/2019/10/00-0O9A3885-copy.jpg', 'https://debutant-store.com/wp-content/uploads/2019/11/P-0O9A3892B-copy.jpg', 'https://debutant-store.com/wp-content/uploads/2019/11/P-0O9A3892B-copy.jpg', 'https://debutant-store.com/wp-content/uploads/2019/10/00-0O9A3876-copy.jpg', 'https://debutant-store.com/wp-content/uploads/2019/10/00-0O9A3876-copy.jpg'];['grande'];"Hay existencias
"
Camiseta Aretha;['31,90€', '28,71€'];Camiseta 100% algodón orgánico certificado, manga corta y cuello redondo. Color gris efecto lavado a la piedra. Corte mujer. Modelo viste talla S. Diseño original de debutànt.;['https://debutant-store.com/wp-content/uploads/2019/10/00-0O9A3874-copy.jpg', 'https://debutant-store.com/wp-content/uploads/2019/10/00-0O9A3874-copy.jpg', 'https://debutant-store.com/wp-content/uploads/2019/10/00-0O9A3885-copy.jpg', 'https://debutant-store.com/wp-content/uploads/2019/10/00-0O9A3885-copy.jpg', 'https://debutant-store.com/wp-content/uploads/2019/11/P-0O9A3892B-copy.jpg', 'https://debutant-store.com/wp-content/uploads/2019/11/P-0O9A3892B-copy.jpg', 'https://debutant-store.com/wp-content/uploads/2019/10/00-0O9A3876-copy.jpg', 'https://debutant-store.com/wp-content/uploads/2019/10/00-0O9A3876-copy.jpg'];['extra-grande'];"Agotado
                
               "
Tote Bag Nasti de Plastic Leaf Green;['13,90€', '10,90€'];Bolsa 100% algodón orgánico. Colorida, versátil y fácil de llevar. Color verde. Medidas 36x42x8 cm. Diseño original de debutànt.;['https://debutant-store.com/wp-content/uploads/2019/10/00-0O9A4241-copy.jpg', 'https://debutant-store.com/wp-content/uploads/2019/10/00-0O9A4241-copy.jpg', 'https://debutant-store.com/wp-content/uploads/2019/10/00-0O9A4246-copy.jpg', 'https://debutant-store.com/wp-content/uploads/2019/10/00-0O9A4246-copy.jpg'];;
Camiseta Aretha;['31,90€', '28,71€'];Camiseta 100% algodón orgánico certificado, manga corta y cuello redondo. Color burdeos efecto lavado a la piedra. Corte hombre. Modelo viste talla M. Diseño original de debutànt.;['https://debutant-store.com/wp-content/uploads/2019/10/00-0O9A3807-copy.jpg', 'https://debutant-store.com/wp-content/uploads/2019/10/00-0O9A3807-copy.jpg', 'https://debutant-store.com/wp-content/uploads/2019/10/00-0O9A3816-copy.jpg', 'https://debutant-store.com/wp-content/uploads/2019/10/00-0O9A3816-copy.jpg', 'https://debutant-store.com/wp-content/uploads/2019/10/00-0O9A3818-copy.jpg', 'https://debutant-store.com/wp-content/uploads/2019/10/00-0O9A3818-copy.jpg'];['pequena'];Solo quedan 1 disponibles
Camiseta Aretha;['31,90€', '28,71€'];Camiseta 100% algodón orgánico certificado, manga corta y cuello redondo. Color burdeos efecto lavado a la piedra. Corte hombre. Modelo viste talla M. Diseño original de debutànt.;['https://debutant-store.com/wp-content/uploads/2019/10/00-0O9A3807-copy.jpg', 'https://debutant-store.com/wp-content/uploads/2019/10/00-0O9A3807-copy.jpg', 'https://debutant-store.com/wp-content/uploads/2019/10/00-0O9A3816-copy.jpg', 'https://debutant-store.com/wp-content/uploads/2019/10/00-0O9A3816-copy.jpg', 'https://debutant-store.com/wp-content/uploads/2019/10/00-0O9A3818-copy.jpg', 'https://debutant-store.com/wp-content/uploads/2019/10/00-0O9A3818-copy.jpg'];['mediana'];Solo quedan 2 disponibles
Camiseta Aretha;['31,90€', '28,71€'];Camiseta 100% algodón orgánico certificado, manga corta y cuello redondo. Color burdeos efecto lavado a la piedra. Corte hombre. Modelo viste talla M. Diseño original de debutànt.;['https://debutant-store.com/wp-content/uploads/2019/10/00-0O9A3807-copy.jpg', 'https://debutant-store.com/wp-content/uploads/2019/10/00-0O9A3807-copy.jpg', 'https://debutant-store.com/wp-content/uploads/2019/10/00-0O9A3816-copy.jpg', 'https://debutant-store.com/wp-content/uploads/2019/10/00-0O9A3816-copy.jpg', 'https://debutant-store.com/wp-content/uploads/2019/10/00-0O9A3818-copy.jpg', 'https://debutant-store.com/wp-content/uploads/2019/10/00-0O9A3818-copy.jpg'];['grande'];Solo quedan 2 disponibles
Camiseta Aretha;['31,90€', '28,71€'];Camiseta 100% algodón orgánico certificado, manga corta y cuello redondo. Color burdeos efecto lavado a la piedra. Corte hombre. Modelo viste talla M. Diseño original de debutànt.;['https://debutant-store.com/wp-content/uploads/2019/10/00-0O9A3807-copy.jpg', 'https://debutant-store.com/wp-content/uploads/2019/10/00-0O9A3807-copy.jpg', 'https://debutant-store.com/wp-content/uploads/2019/10/00-0O9A3816-copy.jpg', 'https://debutant-store.com/wp-content/uploads/2019/10/00-0O9A3816-copy.jpg', 'https://debutant-store.com/wp-content/uploads/2019/10/00-0O9A3818-copy.jpg', 'https://debutant-store.com/wp-content/uploads/2019/10/00-0O9A3818-copy.jpg'];['extra-grande'];"Hay existencias
"
Tote Bag Piensa Bonito;['13,00€'];Bolsa 100% algodón natural. Asa larga, versátil y fácil de llevar. Color natural. Medidas 42x42cm. Diseño original de debutànt.;['https://debutant-store.com/wp-content/uploads/2019/03/1620-piensa-bonito.jpg', 'https://debutant-store.com/wp-content/uploads/2019/03/1620-piensa-bonito.jpg', 'https://debutant-store.com/wp-content/uploads/2019/03/Tote-Bag-Piensa-Bonito-3-1.jpg', 'https://debutant-store.com/wp-content/uploads/2019/03/Tote-Bag-Piensa-Bonito-3-1.jpg'];;
Camiseta Piensa Bonito;['29,90€', '26,91€'];Camiseta 100% algodón orgánico certificado, manga corta y cuello en canalé. Color vintage white. Corte unisex. Modelo viste talla M. Diseño original de debutànt.;['https://debutant-store.com/wp-content/uploads/2019/03/Piensa-bonto-el-1C.jpg', 'https://debutant-store.com/wp-content/uploads/2019/03/Piensa-bonto-el-1C.jpg', 'https://debutant-store.com/wp-content/uploads/2019/03/Piensa-bonto-el-2-1.jpg', 'https://debutant-store.com/wp-content/uploads/2019/03/Piensa-bonto-el-2-1.jpg'];['pequena'];Solo quedan 1 disponibles
Camiseta Piensa Bonito;['29,90€', '26,91€'];Camiseta 100% algodón orgánico certificado, manga corta y cuello en canalé. Color vintage white. Corte unisex. Modelo viste talla M. Diseño original de debutànt.;['https://debutant-store.com/wp-content/uploads/2019/03/Piensa-bonto-el-1C.jpg', 'https://debutant-store.com/wp-content/uploads/2019/03/Piensa-bonto-el-1C.jpg', 'https://debutant-store.com/wp-content/uploads/2019/03/Piensa-bonto-el-2-1.jpg', 'https://debutant-store.com/wp-content/uploads/2019/03/Piensa-bonto-el-2-1.jpg'];['mediana'];Solo quedan 2 disponibles
Camiseta Piensa Bonito;['29,90€', '26,91€'];Camiseta 100% algodón orgánico certificado, manga corta y cuello en canalé. Color vintage white. Corte unisex. Modelo viste talla M. Diseño original de debutànt.;['https://debutant-store.com/wp-content/uploads/2019/03/Piensa-bonto-el-1C.jpg', 'https://debutant-store.com/wp-content/uploads/2019/03/Piensa-bonto-el-1C.jpg', 'https://debutant-store.com/wp-content/uploads/2019/03/Piensa-bonto-el-2-1.jpg', 'https://debutant-store.com/wp-content/uploads/2019/03/Piensa-bonto-el-2-1.jpg'];['grande'];Solo quedan 2 disponibles
Camiseta Piensa Bonito;['29,90€', '26,91€'];Camiseta 100% algodón orgánico certificado, manga corta y cuello en canalé. Color vintage white. Corte unisex. Modelo viste talla M. Diseño original de debutànt.;['https://debutant-store.com/wp-content/uploads/2019/03/Piensa-bonto-el-1C.jpg', 'https://debutant-store.com/wp-content/uploads/2019/03/Piensa-bonto-el-1C.jpg', 'https://debutant-store.com/wp-content/uploads/2019/03/Piensa-bonto-el-2-1.jpg', 'https://debutant-store.com/wp-content/uploads/2019/03/Piensa-bonto-el-2-1.jpg'];['extra-grande'];"Agotado
                
               "
Gastos de devolución;['2,80€', '–', '5,70€'];Para proceder a tu devolución, por favor, selecciona abajo la solicitud y tipo de envío que nos has hecho llegar en la petición del formulario de “solicitud de devolución”. Añade al carrito los “Gastos de devolución” y procésalo como una compra normal.;['https://debutant-store.com/wp-content/uploads/2020/02/0O9A5582-1.jpg', 'https://debutant-store.com/wp-content/uploads/2020/02/0O9A5582-1.jpg'];['cambio-x-talla-o-producto', 'deposito-correos'];
Gastos de devolución;['2,80€', '–', '5,70€'];Para proceder a tu devolución, por favor, selecciona abajo la solicitud y tipo de envío que nos has hecho llegar en la petición del formulario de “solicitud de devolución”. Añade al carrito los “Gastos de devolución” y procésalo como una compra normal.;['https://debutant-store.com/wp-content/uploads/2020/02/0O9A5582-1.jpg', 'https://debutant-store.com/wp-content/uploads/2020/02/0O9A5582-1.jpg'];['cambio-x-talla-o-producto', 'recogida-dom-ofic'];
Gastos de devolución;['2,80€', '–', '5,70€'];Para proceder a tu devolución, por favor, selecciona abajo la solicitud y tipo de envío que nos has hecho llegar en la petición del formulario de “solicitud de devolución”. Añade al carrito los “Gastos de devolución” y procésalo como una compra normal.;['https://debutant-store.com/wp-content/uploads/2020/02/0O9A5582-1.jpg', 'https://debutant-store.com/wp-content/uploads/2020/02/0O9A5582-1.jpg'];['reembolso', 'deposito-correos'];
Gastos de devolución;['2,80€', '–', '5,70€'];Para proceder a tu devolución, por favor, selecciona abajo la solicitud y tipo de envío que nos has hecho llegar en la petición del formulario de “solicitud de devolución”. Añade al carrito los “Gastos de devolución” y procésalo como una compra normal.;['https://debutant-store.com/wp-content/uploads/2020/02/0O9A5582-1.jpg', 'https://debutant-store.com/wp-content/uploads/2020/02/0O9A5582-1.jpg'];['reembolso', 'recogida-dom-ofic'];
Camiseta Slow Life;['29,90€', '26,91€'];Camiseta 100% algodón orgánico certificado, manga corta y cuello redondo. Color vintage white. Corte unisex. Modelo viste talla M. Diseño original de debutànt.;['https://debutant-store.com/wp-content/uploads/2019/02/portada2-0O9A0397.jpg', 'https://debutant-store.com/wp-content/uploads/2019/02/portada2-0O9A0397.jpg', 'https://debutant-store.com/wp-content/uploads/2019/02/Slow-life-el2.jpg', 'https://debutant-store.com/wp-content/uploads/2019/02/Slow-life-el2.jpg'];['mediana'];Solo quedan 1 disponibles
Camiseta Slow Life;['29,90€', '26,91€'];Camiseta 100% algodón orgánico certificado, manga corta y cuello redondo. Color vintage white. Corte unisex. Modelo viste talla M. Diseño original de debutànt.;['https://debutant-store.com/wp-content/uploads/2019/02/portada2-0O9A0397.jpg', 'https://debutant-store.com/wp-content/uploads/2019/02/portada2-0O9A0397.jpg', 'https://debutant-store.com/wp-content/uploads/2019/02/Slow-life-el2.jpg', 'https://debutant-store.com/wp-content/uploads/2019/02/Slow-life-el2.jpg'];['grande'];Solo quedan 1 disponibles
Camiseta Slow Life;['29,90€', '26,91€'];Camiseta 100% algodón orgánico certificado, manga corta y cuello redondo. Color vintage white. Corte unisex. Modelo viste talla M. Diseño original de debutànt.;['https://debutant-store.com/wp-content/uploads/2019/02/portada2-0O9A0397.jpg', 'https://debutant-store.com/wp-content/uploads/2019/02/portada2-0O9A0397.jpg', 'https://debutant-store.com/wp-content/uploads/2019/02/Slow-life-el2.jpg', 'https://debutant-store.com/wp-content/uploads/2019/02/Slow-life-el2.jpg'];['extra-grande'];"Agotado
                
               "
Camiseta A Mi Plin;['29,90€', '26,91€'];Camiseta 100% algodón orgánico certificado, manga corta y cuello en canalé. Color vintage white. Corte unisex. Modelo viste talla S. Diseño original de debutànt.;['https://debutant-store.com/wp-content/uploads/2019/03/00-0O9A4189-copy.jpg', 'https://debutant-store.com/wp-content/uploads/2019/03/00-0O9A4189-copy.jpg', 'https://debutant-store.com/wp-content/uploads/2019/03/00-0O9A4194-copy.jpg', 'https://debutant-store.com/wp-content/uploads/2019/03/00-0O9A4194-copy.jpg'];['extra-pequena'];"Agotado
                
               "
Camiseta A Mi Plin;['29,90€', '26,91€'];Camiseta 100% algodón orgánico certificado, manga corta y cuello en canalé. Color vintage white. Corte unisex. Modelo viste talla S. Diseño original de debutànt.;['https://debutant-store.com/wp-content/uploads/2019/03/00-0O9A4189-copy.jpg', 'https://debutant-store.com/wp-content/uploads/2019/03/00-0O9A4189-copy.jpg', 'https://debutant-store.com/wp-content/uploads/2019/03/00-0O9A4194-copy.jpg', 'https://debutant-store.com/wp-content/uploads/2019/03/00-0O9A4194-copy.jpg'];['pequena'];"Agotado
                
               "
Camiseta A Mi Plin;['29,90€', '26,91€'];Camiseta 100% algodón orgánico certificado, manga corta y cuello en canalé. Color vintage white. Corte unisex. Modelo viste talla S. Diseño original de debutànt.;['https://debutant-store.com/wp-content/uploads/2019/03/00-0O9A4189-copy.jpg', 'https://debutant-store.com/wp-content/uploads/2019/03/00-0O9A4189-copy.jpg', 'https://debutant-store.com/wp-content/uploads/2019/03/00-0O9A4194-copy.jpg', 'https://debutant-store.com/wp-content/uploads/2019/03/00-0O9A4194-copy.jpg'];['mediana'];"Agotado
                
               "
Camiseta A Mi Plin;['29,90€', '26,91€'];Camiseta 100% algodón orgánico certificado, manga corta y cuello en canalé. Color vintage white. Corte unisex. Modelo viste talla S. Diseño original de debutànt.;['https://debutant-store.com/wp-content/uploads/2019/03/00-0O9A4189-copy.jpg', 'https://debutant-store.com/wp-content/uploads/2019/03/00-0O9A4189-copy.jpg', 'https://debutant-store.com/wp-content/uploads/2019/03/00-0O9A4194-copy.jpg', 'https://debutant-store.com/wp-content/uploads/2019/03/00-0O9A4194-copy.jpg'];['grande'];"Agotado
                
               "
Camiseta A Mi Plin;['29,90€', '26,91€'];Camiseta 100% algodón orgánico certificado, manga corta y cuello en canalé. Color vintage white. Corte unisex. Modelo viste talla S. Diseño original de debutànt.;['https://debutant-store.com/wp-content/uploads/2019/03/00-0O9A4189-copy.jpg', 'https://debutant-store.com/wp-content/uploads/2019/03/00-0O9A4189-copy.jpg', 'https://debutant-store.com/wp-content/uploads/2019/03/00-0O9A4194-copy.jpg', 'https://debutant-store.com/wp-content/uploads/2019/03/00-0O9A4194-copy.jpg'];['extra-grande'];Solo quedan 1 disponibles
Camiseta Nasti de Plastic Olive;['32,00€', '28,80€'];Camiseta 100% algodón orgánico, manga corta y cuello redondo. Color verde oliva. Corte hombre, manga enrollada. Modelo viste talla M. Diseño original de debutànt.;['https://debutant-store.com/wp-content/uploads/2020/03/WEB-1300-S-0O9A6764-copy.jpg', 'https://debutant-store.com/wp-content/uploads/2020/03/WEB-1300-S-0O9A6764-copy.jpg', 'https://debutant-store.com/wp-content/uploads/2020/03/WEB-1300-S-0O9A6771-copy.jpg', 'https://debutant-store.com/wp-content/uploads/2020/03/WEB-1300-S-0O9A6771-copy.jpg', 'https://debutant-store.com/wp-content/uploads/2020/03/WEB-1300-S-0O9A6775-copy.jpg', 'https://debutant-store.com/wp-content/uploads/2020/03/WEB-1300-S-0O9A6775-copy.jpg'];['pequena'];"Agotado
                
               "
Camiseta Nasti de Plastic Olive;['32,00€', '28,80€'];Camiseta 100% algodón orgánico, manga corta y cuello redondo. Color verde oliva. Corte hombre, manga enrollada. Modelo viste talla M. Diseño original de debutànt.;['https://debutant-store.com/wp-content/uploads/2020/03/WEB-1300-S-0O9A6764-copy.jpg', 'https://debutant-store.com/wp-content/uploads/2020/03/WEB-1300-S-0O9A6764-copy.jpg', 'https://debutant-store.com/wp-content/uploads/2020/03/WEB-1300-S-0O9A6771-copy.jpg', 'https://debutant-store.com/wp-content/uploads/2020/03/WEB-1300-S-0O9A6771-copy.jpg', 'https://debutant-store.com/wp-content/uploads/2020/03/WEB-1300-S-0O9A6775-copy.jpg', 'https://debutant-store.com/wp-content/uploads/2020/03/WEB-1300-S-0O9A6775-copy.jpg'];['mediana'];Solo quedan 2 disponibles
Camiseta Nasti de Plastic Olive;['32,00€', '28,80€'];Camiseta 100% algodón orgánico, manga corta y cuello redondo. Color verde oliva. Corte hombre, manga enrollada. Modelo viste talla M. Diseño original de debutànt.;['https://debutant-store.com/wp-content/uploads/2020/03/WEB-1300-S-0O9A6764-copy.jpg', 'https://debutant-store.com/wp-content/uploads/2020/03/WEB-1300-S-0O9A6764-copy.jpg', 'https://debutant-store.com/wp-content/uploads/2020/03/WEB-1300-S-0O9A6771-copy.jpg', 'https://debutant-store.com/wp-content/uploads/2020/03/WEB-1300-S-0O9A6771-copy.jpg', 'https://debutant-store.com/wp-content/uploads/2020/03/WEB-1300-S-0O9A6775-copy.jpg', 'https://debutant-store.com/wp-content/uploads/2020/03/WEB-1300-S-0O9A6775-copy.jpg'];['grande'];Solo quedan 2 disponibles
Camiseta Nasti de Plastic Olive;['32,00€', '28,80€'];Camiseta 100% algodón orgánico, manga corta y cuello redondo. Color verde oliva. Corte hombre, manga enrollada. Modelo viste talla M. Diseño original de debutànt.;['https://debutant-store.com/wp-content/uploads/2020/03/WEB-1300-S-0O9A6764-copy.jpg', 'https://debutant-store.com/wp-content/uploads/2020/03/WEB-1300-S-0O9A6764-copy.jpg', 'https://debutant-store.com/wp-content/uploads/2020/03/WEB-1300-S-0O9A6771-copy.jpg', 'https://debutant-store.com/wp-content/uploads/2020/03/WEB-1300-S-0O9A6771-copy.jpg', 'https://debutant-store.com/wp-content/uploads/2020/03/WEB-1300-S-0O9A6775-copy.jpg', 'https://debutant-store.com/wp-content/uploads/2020/03/WEB-1300-S-0O9A6775-copy.jpg'];['extra-grande'];Solo quedan 2 disponibles
Camiseta Yo Sí Tengo Pueblo;['29,90€', '26,91€'];Camiseta 100% algodón orgánico certificado, manga corta y cuello redondo. Color vintage white. Corte unisex. Modelo viste talla M. Diseño original de debutànt.;['https://debutant-store.com/wp-content/uploads/2019/03/yo-si-tengo-pueblo-0O9A0497.png', 'https://debutant-store.com/wp-content/uploads/2019/03/yo-si-tengo-pueblo-0O9A0497.png', 'https://debutant-store.com/wp-content/uploads/2019/03/Camiseta-Yo-Si-Tengo-El-2-1.jpg', 'https://debutant-store.com/wp-content/uploads/2019/03/Camiseta-Yo-Si-Tengo-El-2-1.jpg'];['pequena'];Solo quedan 1 disponibles
Camiseta Yo Sí Tengo Pueblo;['29,90€', '26,91€'];Camiseta 100% algodón orgánico certificado, manga corta y cuello redondo. Color vintage white. Corte unisex. Modelo viste talla M. Diseño original de debutànt.;['https://debutant-store.com/wp-content/uploads/2019/03/yo-si-tengo-pueblo-0O9A0497.png', 'https://debutant-store.com/wp-content/uploads/2019/03/yo-si-tengo-pueblo-0O9A0497.png', 'https://debutant-store.com/wp-content/uploads/2019/03/Camiseta-Yo-Si-Tengo-El-2-1.jpg', 'https://debutant-store.com/wp-content/uploads/2019/03/Camiseta-Yo-Si-Tengo-El-2-1.jpg'];['mediana'];Solo quedan 1 disponibles
Camiseta Yo Sí Tengo Pueblo;['29,90€', '26,91€'];Camiseta 100% algodón orgánico certificado, manga corta y cuello redondo. Color vintage white. Corte unisex. Modelo viste talla M. Diseño original de debutànt.;['https://debutant-store.com/wp-content/uploads/2019/03/yo-si-tengo-pueblo-0O9A0497.png', 'https://debutant-store.com/wp-content/uploads/2019/03/yo-si-tengo-pueblo-0O9A0497.png', 'https://debutant-store.com/wp-content/uploads/2019/03/Camiseta-Yo-Si-Tengo-El-2-1.jpg', 'https://debutant-store.com/wp-content/uploads/2019/03/Camiseta-Yo-Si-Tengo-El-2-1.jpg'];['grande'];Solo quedan 2 disponibles
Camiseta Yo Sí Tengo Pueblo;['29,90€', '26,91€'];Camiseta 100% algodón orgánico certificado, manga corta y cuello redondo. Color vintage white. Corte unisex. Modelo viste talla M. Diseño original de debutànt.;['https://debutant-store.com/wp-content/uploads/2019/03/yo-si-tengo-pueblo-0O9A0497.png', 'https://debutant-store.com/wp-content/uploads/2019/03/yo-si-tengo-pueblo-0O9A0497.png', 'https://debutant-store.com/wp-content/uploads/2019/03/Camiseta-Yo-Si-Tengo-El-2-1.jpg', 'https://debutant-store.com/wp-content/uploads/2019/03/Camiseta-Yo-Si-Tengo-El-2-1.jpg'];['extra-grande'];Solo quedan 1 disponibles
Camiseta Animal lo serás tú;['32,00€', '28,80€'];Camiseta 100% algodón orgánico certificado, manga corta y cuello redondo. Color blanco. Corte hombre. Modelo viste talla M. Diseño original de debutànt.;['https://debutant-store.com/wp-content/uploads/2020/03/WEB-1300-S-0O9A6919-copy.jpg', 'https://debutant-store.com/wp-content/uploads/2020/03/WEB-1300-S-0O9A6919-copy.jpg', 'https://debutant-store.com/wp-content/uploads/2020/03/WEB-1300-S-0O9A6924-copy.jpg', 'https://debutant-store.com/wp-content/uploads/2020/03/WEB-1300-S-0O9A6924-copy.jpg', 'https://debutant-store.com/wp-content/uploads/2020/03/WEB-1300-S-0O9A6928-copy.jpg', 'https://debutant-store.com/wp-content/uploads/2020/03/WEB-1300-S-0O9A6928-copy.jpg'];['mediana'];Solo quedan 2 disponibles
Camiseta Animal lo serás tú;['32,00€', '28,80€'];Camiseta 100% algodón orgánico certificado, manga corta y cuello redondo. Color blanco. Corte hombre. Modelo viste talla M. Diseño original de debutànt.;['https://debutant-store.com/wp-content/uploads/2020/03/WEB-1300-S-0O9A6919-copy.jpg', 'https://debutant-store.com/wp-content/uploads/2020/03/WEB-1300-S-0O9A6919-copy.jpg', 'https://debutant-store.com/wp-content/uploads/2020/03/WEB-1300-S-0O9A6924-copy.jpg', 'https://debutant-store.com/wp-content/uploads/2020/03/WEB-1300-S-0O9A6924-copy.jpg', 'https://debutant-store.com/wp-content/uploads/2020/03/WEB-1300-S-0O9A6928-copy.jpg', 'https://debutant-store.com/wp-content/uploads/2020/03/WEB-1300-S-0O9A6928-copy.jpg'];['grande'];Solo quedan 2 disponibles
Camiseta Animal lo serás tú;['32,00€', '28,80€'];Camiseta 100% algodón orgánico certificado, manga corta y cuello redondo. Color blanco. Corte hombre. Modelo viste talla M. Diseño original de debutànt.;['https://debutant-store.com/wp-content/uploads/2020/03/WEB-1300-S-0O9A6919-copy.jpg', 'https://debutant-store.com/wp-content/uploads/2020/03/WEB-1300-S-0O9A6919-copy.jpg', 'https://debutant-store.com/wp-content/uploads/2020/03/WEB-1300-S-0O9A6924-copy.jpg', 'https://debutant-store.com/wp-content/uploads/2020/03/WEB-1300-S-0O9A6924-copy.jpg', 'https://debutant-store.com/wp-content/uploads/2020/03/WEB-1300-S-0O9A6928-copy.jpg', 'https://debutant-store.com/wp-content/uploads/2020/03/WEB-1300-S-0O9A6928-copy.jpg'];['extra-grande'];"Agotado
                
               "
Camiseta Slow Life Geometric;['29,90€', '26,91€'];Camiseta 100% algodón orgánico certificado, manga corta y cuello redondo. Color blanco. Corte unisex. Modelo viste talla M. Diseño original de debutànt.;['https://debutant-store.com/wp-content/uploads/2019/05/portadar-0O9A0580.jpg', 'https://debutant-store.com/wp-content/uploads/2019/05/portadar-0O9A0580.jpg', 'https://debutant-store.com/wp-content/uploads/2019/05/Slow-Life-Geometric-El5.jpg', 'https://debutant-store.com/wp-content/uploads/2019/05/Slow-Life-Geometric-El5.jpg'];['extra-pequena'];"Agotado
                
               "
Camiseta Slow Life Geometric;['29,90€', '26,91€'];Camiseta 100% algodón orgánico certificado, manga corta y cuello redondo. Color blanco. Corte unisex. Modelo viste talla M. Diseño original de debutànt.;['https://debutant-store.com/wp-content/uploads/2019/05/portadar-0O9A0580.jpg', 'https://debutant-store.com/wp-content/uploads/2019/05/portadar-0O9A0580.jpg', 'https://debutant-store.com/wp-content/uploads/2019/05/Slow-Life-Geometric-El5.jpg', 'https://debutant-store.com/wp-content/uploads/2019/05/Slow-Life-Geometric-El5.jpg'];['pequena'];"Agotado
                
               "
Camiseta Slow Life Geometric;['29,90€', '26,91€'];Camiseta 100% algodón orgánico certificado, manga corta y cuello redondo. Color blanco. Corte unisex. Modelo viste talla M. Diseño original de debutànt.;['https://debutant-store.com/wp-content/uploads/2019/05/portadar-0O9A0580.jpg', 'https://debutant-store.com/wp-content/uploads/2019/05/portadar-0O9A0580.jpg', 'https://debutant-store.com/wp-content/uploads/2019/05/Slow-Life-Geometric-El5.jpg', 'https://debutant-store.com/wp-content/uploads/2019/05/Slow-Life-Geometric-El5.jpg'];['mediana'];"Agotado
                
               "
Camiseta Slow Life Geometric;['29,90€', '26,91€'];Camiseta 100% algodón orgánico certificado, manga corta y cuello redondo. Color blanco. Corte unisex. Modelo viste talla M. Diseño original de debutànt.;['https://debutant-store.com/wp-content/uploads/2019/05/portadar-0O9A0580.jpg', 'https://debutant-store.com/wp-content/uploads/2019/05/portadar-0O9A0580.jpg', 'https://debutant-store.com/wp-content/uploads/2019/05/Slow-Life-Geometric-El5.jpg', 'https://debutant-store.com/wp-content/uploads/2019/05/Slow-Life-Geometric-El5.jpg'];['grande'];Solo quedan 2 disponibles
Camiseta Slow Life Geometric;['29,90€', '26,91€'];Camiseta 100% algodón orgánico certificado, manga corta y cuello redondo. Color blanco. Corte unisex. Modelo viste talla M. Diseño original de debutànt.;['https://debutant-store.com/wp-content/uploads/2019/05/portadar-0O9A0580.jpg', 'https://debutant-store.com/wp-content/uploads/2019/05/portadar-0O9A0580.jpg', 'https://debutant-store.com/wp-content/uploads/2019/05/Slow-Life-Geometric-El5.jpg', 'https://debutant-store.com/wp-content/uploads/2019/05/Slow-Life-Geometric-El5.jpg'];['extra-grande'];"Hay existencias
"
Camiseta Fulanita y Menganito White;['29,90€', '26,91€'];Camiseta 100% algodón orgánico certificado, manga corta y cuello redondo. Color blanco. Corte unisex. Modelo viste talla M. Diseño original de debutànt.;['https://debutant-store.com/wp-content/uploads/2019/07/pottada-Fulanita-White-El1.jpg', 'https://debutant-store.com/wp-content/uploads/2019/07/pottada-Fulanita-White-El1.jpg', 'https://debutant-store.com/wp-content/uploads/2019/07/Camiseta-Fulanita-El-1-White.jpg', 'https://debutant-store.com/wp-content/uploads/2019/07/Camiseta-Fulanita-El-1-White.jpg'];['extra-pequena'];Solo quedan 1 disponibles
Camiseta Fulanita y Menganito White;['29,90€', '26,91€'];Camiseta 100% algodón orgánico certificado, manga corta y cuello redondo. Color blanco. Corte unisex. Modelo viste talla M. Diseño original de debutànt.;['https://debutant-store.com/wp-content/uploads/2019/07/pottada-Fulanita-White-El1.jpg', 'https://debutant-store.com/wp-content/uploads/2019/07/pottada-Fulanita-White-El1.jpg', 'https://debutant-store.com/wp-content/uploads/2019/07/Camiseta-Fulanita-El-1-White.jpg', 'https://debutant-store.com/wp-content/uploads/2019/07/Camiseta-Fulanita-El-1-White.jpg'];['pequena'];"Agotado
                
               "
Camiseta Fulanita y Menganito White;['29,90€', '26,91€'];Camiseta 100% algodón orgánico certificado, manga corta y cuello redondo. Color blanco. Corte unisex. Modelo viste talla M. Diseño original de debutànt.;['https://debutant-store.com/wp-content/uploads/2019/07/pottada-Fulanita-White-El1.jpg', 'https://debutant-store.com/wp-content/uploads/2019/07/pottada-Fulanita-White-El1.jpg', 'https://debutant-store.com/wp-content/uploads/2019/07/Camiseta-Fulanita-El-1-White.jpg', 'https://debutant-store.com/wp-content/uploads/2019/07/Camiseta-Fulanita-El-1-White.jpg'];['mediana'];"Agotado
                
               "
Camiseta Fulanita y Menganito White;['29,90€', '26,91€'];Camiseta 100% algodón orgánico certificado, manga corta y cuello redondo. Color blanco. Corte unisex. Modelo viste talla M. Diseño original de debutànt.;['https://debutant-store.com/wp-content/uploads/2019/07/pottada-Fulanita-White-El1.jpg', 'https://debutant-store.com/wp-content/uploads/2019/07/pottada-Fulanita-White-El1.jpg', 'https://debutant-store.com/wp-content/uploads/2019/07/Camiseta-Fulanita-El-1-White.jpg', 'https://debutant-store.com/wp-content/uploads/2019/07/Camiseta-Fulanita-El-1-White.jpg'];['grande'];"Agotado
                
               "
Camiseta Fulanita y Menganito White;['29,90€', '26,91€'];Camiseta 100% algodón orgánico certificado, manga corta y cuello redondo. Color blanco. Corte unisex. Modelo viste talla M. Diseño original de debutànt.;['https://debutant-store.com/wp-content/uploads/2019/07/pottada-Fulanita-White-El1.jpg', 'https://debutant-store.com/wp-content/uploads/2019/07/pottada-Fulanita-White-El1.jpg', 'https://debutant-store.com/wp-content/uploads/2019/07/Camiseta-Fulanita-El-1-White.jpg', 'https://debutant-store.com/wp-content/uploads/2019/07/Camiseta-Fulanita-El-1-White.jpg'];['extra-grande'];Solo quedan 1 disponibles
Camiseta Fulanita y Menganito Navy;['29,90€', '26,91€'];Camiseta 100% algodón orgánico certificado, manga corta y cuello redondo. Color azul marino. Corte unisex. Modelo viste talla M. Diseño original de debutànt.;['https://debutant-store.com/wp-content/uploads/2019/03/portada-0O9A0682.jpg', 'https://debutant-store.com/wp-content/uploads/2019/03/portada-0O9A0682.jpg', 'https://debutant-store.com/wp-content/uploads/2019/03/Fulanita-French-Nay-El-1.jpg', 'https://debutant-store.com/wp-content/uploads/2019/03/Fulanita-French-Nay-El-1.jpg'];['mediana'];Solo quedan 1 disponibles
Camiseta Fulanita y Menganito Navy;['29,90€', '26,91€'];Camiseta 100% algodón orgánico certificado, manga corta y cuello redondo. Color azul marino. Corte unisex. Modelo viste talla M. Diseño original de debutànt.;['https://debutant-store.com/wp-content/uploads/2019/03/portada-0O9A0682.jpg', 'https://debutant-store.com/wp-content/uploads/2019/03/portada-0O9A0682.jpg', 'https://debutant-store.com/wp-content/uploads/2019/03/Fulanita-French-Nay-El-1.jpg', 'https://debutant-store.com/wp-content/uploads/2019/03/Fulanita-French-Nay-El-1.jpg'];['grande'];Solo quedan 1 disponibles
Camiseta Fulanita y Menganito Navy;['29,90€', '26,91€'];Camiseta 100% algodón orgánico certificado, manga corta y cuello redondo. Color azul marino. Corte unisex. Modelo viste talla M. Diseño original de debutànt.;['https://debutant-store.com/wp-content/uploads/2019/03/portada-0O9A0682.jpg', 'https://debutant-store.com/wp-content/uploads/2019/03/portada-0O9A0682.jpg', 'https://debutant-store.com/wp-content/uploads/2019/03/Fulanita-French-Nay-El-1.jpg', 'https://debutant-store.com/wp-content/uploads/2019/03/Fulanita-French-Nay-El-1.jpg'];['extra-grande'];Solo quedan 1 disponibles
Camiseta solidaria Better Together /COVID-19;['29,00€', '26,10€'];;['https://debutant-store.com/wp-content/uploads/2020/04/web-1300-S-0O9A6794-copy.jpg', 'https://debutant-store.com/wp-content/uploads/2020/04/web-1300-S-0O9A6794-copy.jpg', 'https://debutant-store.com/wp-content/uploads/2020/04/web-1300-S-0O9A6812-copy.jpg', 'https://debutant-store.com/wp-content/uploads/2020/04/web-1300-S-0O9A6812-copy.jpg', 'https://debutant-store.com/wp-content/uploads/2020/04/web-1300-S-0O9A6797-copy.jpg', 'https://debutant-store.com/wp-content/uploads/2020/04/web-1300-S-0O9A6797-copy.jpg'];['pequena'];"Agotado
                
               "
Camiseta solidaria Better Together /COVID-19;['29,00€', '26,10€'];;['https://debutant-store.com/wp-content/uploads/2020/04/web-1300-S-0O9A6794-copy.jpg', 'https://debutant-store.com/wp-content/uploads/2020/04/web-1300-S-0O9A6794-copy.jpg', 'https://debutant-store.com/wp-content/uploads/2020/04/web-1300-S-0O9A6812-copy.jpg', 'https://debutant-store.com/wp-content/uploads/2020/04/web-1300-S-0O9A6812-copy.jpg', 'https://debutant-store.com/wp-content/uploads/2020/04/web-1300-S-0O9A6797-copy.jpg', 'https://debutant-store.com/wp-content/uploads/2020/04/web-1300-S-0O9A6797-copy.jpg'];['mediana'];Solo quedan 2 disponibles
Camiseta solidaria Better Together /COVID-19;['29,00€', '26,10€'];;['https://debutant-store.com/wp-content/uploads/2020/04/web-1300-S-0O9A6794-copy.jpg', 'https://debutant-store.com/wp-content/uploads/2020/04/web-1300-S-0O9A6794-copy.jpg', 'https://debutant-store.com/wp-content/uploads/2020/04/web-1300-S-0O9A6812-copy.jpg', 'https://debutant-store.com/wp-content/uploads/2020/04/web-1300-S-0O9A6812-copy.jpg', 'https://debutant-store.com/wp-content/uploads/2020/04/web-1300-S-0O9A6797-copy.jpg', 'https://debutant-store.com/wp-content/uploads/2020/04/web-1300-S-0O9A6797-copy.jpg'];['grande'];"Agotado
                
               "
Camiseta solidaria Better Together /COVID-19;['29,00€', '26,10€'];;['https://debutant-store.com/wp-content/uploads/2020/04/web-1300-S-0O9A6794-copy.jpg', 'https://debutant-store.com/wp-content/uploads/2020/04/web-1300-S-0O9A6794-copy.jpg', 'https://debutant-store.com/wp-content/uploads/2020/04/web-1300-S-0O9A6812-copy.jpg', 'https://debutant-store.com/wp-content/uploads/2020/04/web-1300-S-0O9A6812-copy.jpg', 'https://debutant-store.com/wp-content/uploads/2020/04/web-1300-S-0O9A6797-copy.jpg', 'https://debutant-store.com/wp-content/uploads/2020/04/web-1300-S-0O9A6797-copy.jpg'];['extra-grande'];Solo quedan 1 disponibles
Camiseta Fulanita y Menganito White;['29,90€', '26,91€'];Camiseta 100% algodón orgánico certificado, manga corta y cuello redondo. Color blanco. Corte unisex. Modelo viste talla M. Diseño original de debutànt.;['https://debutant-store.com/wp-content/uploads/2019/07/pottada-Fulanita-White-El1.jpg', 'https://debutant-store.com/wp-content/uploads/2019/07/pottada-Fulanita-White-El1.jpg', 'https://debutant-store.com/wp-content/uploads/2019/07/Camiseta-Fulanita-El-1-White.jpg', 'https://debutant-store.com/wp-content/uploads/2019/07/Camiseta-Fulanita-El-1-White.jpg'];['pequena'];"Agotado
                
               "
Camiseta Fulanita y Menganito White;['29,90€', '26,91€'];Camiseta 100% algodón orgánico certificado, manga corta y cuello redondo. Color blanco. Corte unisex. Modelo viste talla M. Diseño original de debutànt.;['https://debutant-store.com/wp-content/uploads/2019/07/pottada-Fulanita-White-El1.jpg', 'https://debutant-store.com/wp-content/uploads/2019/07/pottada-Fulanita-White-El1.jpg', 'https://debutant-store.com/wp-content/uploads/2019/07/Camiseta-Fulanita-El-1-White.jpg', 'https://debutant-store.com/wp-content/uploads/2019/07/Camiseta-Fulanita-El-1-White.jpg'];['mediana'];"Agotado
                
               "
Camiseta Fulanita y Menganito White;['29,90€', '26,91€'];Camiseta 100% algodón orgánico certificado, manga corta y cuello redondo. Color blanco. Corte unisex. Modelo viste talla M. Diseño original de debutànt.;['https://debutant-store.com/wp-content/uploads/2019/07/pottada-Fulanita-White-El1.jpg', 'https://debutant-store.com/wp-content/uploads/2019/07/pottada-Fulanita-White-El1.jpg', 'https://debutant-store.com/wp-content/uploads/2019/07/Camiseta-Fulanita-El-1-White.jpg', 'https://debutant-store.com/wp-content/uploads/2019/07/Camiseta-Fulanita-El-1-White.jpg'];['grande'];"Agotado
                
               "
Camiseta Fulanita y Menganito White;['29,90€', '26,91€'];Camiseta 100% algodón orgánico certificado, manga corta y cuello redondo. Color blanco. Corte unisex. Modelo viste talla M. Diseño original de debutànt.;['https://debutant-store.com/wp-content/uploads/2019/07/pottada-Fulanita-White-El1.jpg', 'https://debutant-store.com/wp-content/uploads/2019/07/pottada-Fulanita-White-El1.jpg', 'https://debutant-store.com/wp-content/uploads/2019/07/Camiseta-Fulanita-El-1-White.jpg', 'https://debutant-store.com/wp-content/uploads/2019/07/Camiseta-Fulanita-El-1-White.jpg'];['extra-grande'];Solo quedan 1 disponibles
Camiseta Sunday & Vermut;['30,00€', '27,00€'];Camiseta 100% algodón orgánico certificado, manga corta y cuello redondo. Color blanco. Corte hombre. Modelo viste talla M. Diseño original de debutànt.;['https://debutant-store.com/wp-content/uploads/2020/03/WEB-1300-S-0O9A6850-copy.jpg', 'https://debutant-store.com/wp-content/uploads/2020/03/WEB-1300-S-0O9A6850-copy.jpg', 'https://debutant-store.com/wp-content/uploads/2020/03/WEB-1300-0O9A6864-copy.jpg', 'https://debutant-store.com/wp-content/uploads/2020/03/WEB-1300-0O9A6864-copy.jpg', 'https://debutant-store.com/wp-content/uploads/2020/03/WEB-1300-S-0O9A6856-copy.jpg', 'https://debutant-store.com/wp-content/uploads/2020/03/WEB-1300-S-0O9A6856-copy.jpg'];['pequena'];"Agotado
                
               "
Camiseta Sunday & Vermut;['30,00€', '27,00€'];Camiseta 100% algodón orgánico certificado, manga corta y cuello redondo. Color blanco. Corte hombre. Modelo viste talla M. Diseño original de debutànt.;['https://debutant-store.com/wp-content/uploads/2020/03/WEB-1300-S-0O9A6850-copy.jpg', 'https://debutant-store.com/wp-content/uploads/2020/03/WEB-1300-S-0O9A6850-copy.jpg', 'https://debutant-store.com/wp-content/uploads/2020/03/WEB-1300-0O9A6864-copy.jpg', 'https://debutant-store.com/wp-content/uploads/2020/03/WEB-1300-0O9A6864-copy.jpg', 'https://debutant-store.com/wp-content/uploads/2020/03/WEB-1300-S-0O9A6856-copy.jpg', 'https://debutant-store.com/wp-content/uploads/2020/03/WEB-1300-S-0O9A6856-copy.jpg'];['mediana'];Solo quedan 2 disponibles
Camiseta Sunday & Vermut;['30,00€', '27,00€'];Camiseta 100% algodón orgánico certificado, manga corta y cuello redondo. Color blanco. Corte hombre. Modelo viste talla M. Diseño original de debutànt.;['https://debutant-store.com/wp-content/uploads/2020/03/WEB-1300-S-0O9A6850-copy.jpg', 'https://debutant-store.com/wp-content/uploads/2020/03/WEB-1300-S-0O9A6850-copy.jpg', 'https://debutant-store.com/wp-content/uploads/2020/03/WEB-1300-0O9A6864-copy.jpg', 'https://debutant-store.com/wp-content/uploads/2020/03/WEB-1300-0O9A6864-copy.jpg', 'https://debutant-store.com/wp-content/uploads/2020/03/WEB-1300-S-0O9A6856-copy.jpg', 'https://debutant-store.com/wp-content/uploads/2020/03/WEB-1300-S-0O9A6856-copy.jpg'];['grande'];"Hay existencias
"
Camiseta Sunday & Vermut;['30,00€', '27,00€'];Camiseta 100% algodón orgánico certificado, manga corta y cuello redondo. Color blanco. Corte hombre. Modelo viste talla M. Diseño original de debutànt.;['https://debutant-store.com/wp-content/uploads/2020/03/WEB-1300-S-0O9A6850-copy.jpg', 'https://debutant-store.com/wp-content/uploads/2020/03/WEB-1300-S-0O9A6850-copy.jpg', 'https://debutant-store.com/wp-content/uploads/2020/03/WEB-1300-0O9A6864-copy.jpg', 'https://debutant-store.com/wp-content/uploads/2020/03/WEB-1300-0O9A6864-copy.jpg', 'https://debutant-store.com/wp-content/uploads/2020/03/WEB-1300-S-0O9A6856-copy.jpg', 'https://debutant-store.com/wp-content/uploads/2020/03/WEB-1300-S-0O9A6856-copy.jpg'];['extra-grande'];Solo quedan 1 disponibles
Camiseta Organic;['30,90€', '27,81€'];Camiseta 100% algodón orgánico, manga corta y cuello redondo. Color azul marino. Corte hombre, acabado peach finish. Modelo viste talla M. Diseño original de debutànt.;['https://debutant-store.com/wp-content/uploads/2019/10/00-0O9A3834-copy.jpg', 'https://debutant-store.com/wp-content/uploads/2019/10/00-0O9A3834-copy.jpg', 'https://debutant-store.com/wp-content/uploads/2019/10/00-0O9A3836-copy.jpg', 'https://debutant-store.com/wp-content/uploads/2019/10/00-0O9A3836-copy.jpg', 'https://debutant-store.com/wp-content/uploads/2019/10/00-0O9A3842-copy.jpg', 'https://debutant-store.com/wp-content/uploads/2019/10/00-0O9A3842-copy.jpg', 'https://debutant-store.com/wp-content/uploads/2019/10/00-0O9A3841-copy.jpg', 'https://debutant-store.com/wp-content/uploads/2019/10/00-0O9A3841-copy.jpg'];['pequena'];Solo quedan 2 disponibles
Camiseta Organic;['30,90€', '27,81€'];Camiseta 100% algodón orgánico, manga corta y cuello redondo. Color azul marino. Corte hombre, acabado peach finish. Modelo viste talla M. Diseño original de debutànt.;['https://debutant-store.com/wp-content/uploads/2019/10/00-0O9A3834-copy.jpg', 'https://debutant-store.com/wp-content/uploads/2019/10/00-0O9A3834-copy.jpg', 'https://debutant-store.com/wp-content/uploads/2019/10/00-0O9A3836-copy.jpg', 'https://debutant-store.com/wp-content/uploads/2019/10/00-0O9A3836-copy.jpg', 'https://debutant-store.com/wp-content/uploads/2019/10/00-0O9A3842-copy.jpg', 'https://debutant-store.com/wp-content/uploads/2019/10/00-0O9A3842-copy.jpg', 'https://debutant-store.com/wp-content/uploads/2019/10/00-0O9A3841-copy.jpg', 'https://debutant-store.com/wp-content/uploads/2019/10/00-0O9A3841-copy.jpg'];['mediana'];"Hay existencias
"
Camiseta Organic;['30,90€', '27,81€'];Camiseta 100% algodón orgánico, manga corta y cuello redondo. Color azul marino. Corte hombre, acabado peach finish. Modelo viste talla M. Diseño original de debutànt.;['https://debutant-store.com/wp-content/uploads/2019/10/00-0O9A3834-copy.jpg', 'https://debutant-store.com/wp-content/uploads/2019/10/00-0O9A3834-copy.jpg', 'https://debutant-store.com/wp-content/uploads/2019/10/00-0O9A3836-copy.jpg', 'https://debutant-store.com/wp-content/uploads/2019/10/00-0O9A3836-copy.jpg', 'https://debutant-store.com/wp-content/uploads/2019/10/00-0O9A3842-copy.jpg', 'https://debutant-store.com/wp-content/uploads/2019/10/00-0O9A3842-copy.jpg', 'https://debutant-store.com/wp-content/uploads/2019/10/00-0O9A3841-copy.jpg', 'https://debutant-store.com/wp-content/uploads/2019/10/00-0O9A3841-copy.jpg'];['grande'];"Hay existencias
"
Camiseta Organic;['30,90€', '27,81€'];Camiseta 100% algodón orgánico, manga corta y cuello redondo. Color azul marino. Corte hombre, acabado peach finish. Modelo viste talla M. Diseño original de debutànt.;['https://debutant-store.com/wp-content/uploads/2019/10/00-0O9A3834-copy.jpg', 'https://debutant-store.com/wp-content/uploads/2019/10/00-0O9A3834-copy.jpg', 'https://debutant-store.com/wp-content/uploads/2019/10/00-0O9A3836-copy.jpg', 'https://debutant-store.com/wp-content/uploads/2019/10/00-0O9A3836-copy.jpg', 'https://debutant-store.com/wp-content/uploads/2019/10/00-0O9A3842-copy.jpg', 'https://debutant-store.com/wp-content/uploads/2019/10/00-0O9A3842-copy.jpg', 'https://debutant-store.com/wp-content/uploads/2019/10/00-0O9A3841-copy.jpg', 'https://debutant-store.com/wp-content/uploads/2019/10/00-0O9A3841-copy.jpg'];['extra-grande'];"Hay existencias
"
Camiseta Silence “Basic Line”;['32,00€', '28,80€'];;['https://debutant-store.com/wp-content/uploads/2020/03/WEB-1300-S-0O9A6940-copy.jpg', 'https://debutant-store.com/wp-content/uploads/2020/03/WEB-1300-S-0O9A6940-copy.jpg', 'https://debutant-store.com/wp-content/uploads/2020/03/WEB-1300-S-0O9A6944-copy.jpg', 'https://debutant-store.com/wp-content/uploads/2020/03/WEB-1300-S-0O9A6944-copy.jpg', 'https://debutant-store.com/wp-content/uploads/2020/03/WEB-1300-S-0O9A6951-copy.jpg', 'https://debutant-store.com/wp-content/uploads/2020/03/WEB-1300-S-0O9A6951-copy.jpg'];['pequena'];"Agotado
                
               "
Camiseta Silence “Basic Line”;['32,00€', '28,80€'];;['https://debutant-store.com/wp-content/uploads/2020/03/WEB-1300-S-0O9A6940-copy.jpg', 'https://debutant-store.com/wp-content/uploads/2020/03/WEB-1300-S-0O9A6940-copy.jpg', 'https://debutant-store.com/wp-content/uploads/2020/03/WEB-1300-S-0O9A6944-copy.jpg', 'https://debutant-store.com/wp-content/uploads/2020/03/WEB-1300-S-0O9A6944-copy.jpg', 'https://debutant-store.com/wp-content/uploads/2020/03/WEB-1300-S-0O9A6951-copy.jpg', 'https://debutant-store.com/wp-content/uploads/2020/03/WEB-1300-S-0O9A6951-copy.jpg'];['mediana'];Solo quedan 2 disponibles
Camiseta Silence “Basic Line”;['32,00€', '28,80€'];;['https://debutant-store.com/wp-content/uploads/2020/03/WEB-1300-S-0O9A6940-copy.jpg', 'https://debutant-store.com/wp-content/uploads/2020/03/WEB-1300-S-0O9A6940-copy.jpg', 'https://debutant-store.com/wp-content/uploads/2020/03/WEB-1300-S-0O9A6944-copy.jpg', 'https://debutant-store.com/wp-content/uploads/2020/03/WEB-1300-S-0O9A6944-copy.jpg', 'https://debutant-store.com/wp-content/uploads/2020/03/WEB-1300-S-0O9A6951-copy.jpg', 'https://debutant-store.com/wp-content/uploads/2020/03/WEB-1300-S-0O9A6951-copy.jpg'];['grande'];Solo quedan 1 disponibles
Camiseta Silence “Basic Line”;['32,00€', '28,80€'];;['https://debutant-store.com/wp-content/uploads/2020/03/WEB-1300-S-0O9A6940-copy.jpg', 'https://debutant-store.com/wp-content/uploads/2020/03/WEB-1300-S-0O9A6940-copy.jpg', 'https://debutant-store.com/wp-content/uploads/2020/03/WEB-1300-S-0O9A6944-copy.jpg', 'https://debutant-store.com/wp-content/uploads/2020/03/WEB-1300-S-0O9A6944-copy.jpg', 'https://debutant-store.com/wp-content/uploads/2020/03/WEB-1300-S-0O9A6951-copy.jpg', 'https://debutant-store.com/wp-content/uploads/2020/03/WEB-1300-S-0O9A6951-copy.jpg'];['extra-grande'];Solo quedan 1 disponibles
Camiseta Fulanita y Menganito Navy;['29,90€', '26,91€'];Camiseta 100% algodón orgánico certificado, manga corta y cuello redondo. Color azul marino. Corte unisex. Modelo viste talla M. Diseño original de debutànt.;['https://debutant-store.com/wp-content/uploads/2019/03/portada-0O9A0682.jpg', 'https://debutant-store.com/wp-content/uploads/2019/03/portada-0O9A0682.jpg', 'https://debutant-store.com/wp-content/uploads/2019/03/Fulanita-French-Nay-El-1.jpg', 'https://debutant-store.com/wp-content/uploads/2019/03/Fulanita-French-Nay-El-1.jpg'];['mediana'];Solo quedan 1 disponibles
Camiseta Fulanita y Menganito Navy;['29,90€', '26,91€'];Camiseta 100% algodón orgánico certificado, manga corta y cuello redondo. Color azul marino. Corte unisex. Modelo viste talla M. Diseño original de debutànt.;['https://debutant-store.com/wp-content/uploads/2019/03/portada-0O9A0682.jpg', 'https://debutant-store.com/wp-content/uploads/2019/03/portada-0O9A0682.jpg', 'https://debutant-store.com/wp-content/uploads/2019/03/Fulanita-French-Nay-El-1.jpg', 'https://debutant-store.com/wp-content/uploads/2019/03/Fulanita-French-Nay-El-1.jpg'];['grande'];Solo quedan 1 disponibles
Camiseta Fulanita y Menganito Navy;['29,90€', '26,91€'];Camiseta 100% algodón orgánico certificado, manga corta y cuello redondo. Color azul marino. Corte unisex. Modelo viste talla M. Diseño original de debutànt.;['https://debutant-store.com/wp-content/uploads/2019/03/portada-0O9A0682.jpg', 'https://debutant-store.com/wp-content/uploads/2019/03/portada-0O9A0682.jpg', 'https://debutant-store.com/wp-content/uploads/2019/03/Fulanita-French-Nay-El-1.jpg', 'https://debutant-store.com/wp-content/uploads/2019/03/Fulanita-French-Nay-El-1.jpg'];['extra-grande'];Solo quedan 1 disponibles
Camiseta Rock&Roll and Cocido;['29,90€', '26,91€'];Camiseta 100% algodón orgánico certificado, manga corta y cuello redondo. Color gris melange. Corte unisex. Modelo viste talla M. Diseño original de debutànt.;['https://debutant-store.com/wp-content/uploads/2019/10/00-0O9A3927-copy.jpg', 'https://debutant-store.com/wp-content/uploads/2019/10/00-0O9A3927-copy.jpg', 'https://debutant-store.com/wp-content/uploads/2019/10/00-0O9A3935-copy.jpg', 'https://debutant-store.com/wp-content/uploads/2019/10/00-0O9A3935-copy.jpg', 'https://debutant-store.com/wp-content/uploads/2019/10/00-0O9A3939-copy.jpg', 'https://debutant-store.com/wp-content/uploads/2019/10/00-0O9A3939-copy.jpg'];['pequena'];"Agotado
                
               "
Camiseta Rock&Roll and Cocido;['29,90€', '26,91€'];Camiseta 100% algodón orgánico certificado, manga corta y cuello redondo. Color gris melange. Corte unisex. Modelo viste talla M. Diseño original de debutànt.;['https://debutant-store.com/wp-content/uploads/2019/10/00-0O9A3927-copy.jpg', 'https://debutant-store.com/wp-content/uploads/2019/10/00-0O9A3927-copy.jpg', 'https://debutant-store.com/wp-content/uploads/2019/10/00-0O9A3935-copy.jpg', 'https://debutant-store.com/wp-content/uploads/2019/10/00-0O9A3935-copy.jpg', 'https://debutant-store.com/wp-content/uploads/2019/10/00-0O9A3939-copy.jpg', 'https://debutant-store.com/wp-content/uploads/2019/10/00-0O9A3939-copy.jpg'];['mediana'];"Agotado
                
               "
Camiseta Rock&Roll and Cocido;['29,90€', '26,91€'];Camiseta 100% algodón orgánico certificado, manga corta y cuello redondo. Color gris melange. Corte unisex. Modelo viste talla M. Diseño original de debutànt.;['https://debutant-store.com/wp-content/uploads/2019/10/00-0O9A3927-copy.jpg', 'https://debutant-store.com/wp-content/uploads/2019/10/00-0O9A3927-copy.jpg', 'https://debutant-store.com/wp-content/uploads/2019/10/00-0O9A3935-copy.jpg', 'https://debutant-store.com/wp-content/uploads/2019/10/00-0O9A3935-copy.jpg', 'https://debutant-store.com/wp-content/uploads/2019/10/00-0O9A3939-copy.jpg', 'https://debutant-store.com/wp-content/uploads/2019/10/00-0O9A3939-copy.jpg'];['grande'];Solo quedan 1 disponibles
Camiseta Rock&Roll and Cocido;['29,90€', '26,91€'];Camiseta 100% algodón orgánico certificado, manga corta y cuello redondo. Color gris melange. Corte unisex. Modelo viste talla M. Diseño original de debutànt.;['https://debutant-store.com/wp-content/uploads/2019/10/00-0O9A3927-copy.jpg', 'https://debutant-store.com/wp-content/uploads/2019/10/00-0O9A3927-copy.jpg', 'https://debutant-store.com/wp-content/uploads/2019/10/00-0O9A3935-copy.jpg', 'https://debutant-store.com/wp-content/uploads/2019/10/00-0O9A3935-copy.jpg', 'https://debutant-store.com/wp-content/uploads/2019/10/00-0O9A3939-copy.jpg', 'https://debutant-store.com/wp-content/uploads/2019/10/00-0O9A3939-copy.jpg'];['extra-grande'];Solo quedan 1 disponibles
Camiseta Silence “Basic Line” Top;['30,00€', '27,00€'];;['https://debutant-store.com/wp-content/uploads/2020/03/web-1300-S-0O9A5904-copy.jpg', 'https://debutant-store.com/wp-content/uploads/2020/03/web-1300-S-0O9A5904-copy.jpg', 'https://debutant-store.com/wp-content/uploads/2020/03/web-1300-S-0O9A5919-copy.jpg', 'https://debutant-store.com/wp-content/uploads/2020/03/web-1300-S-0O9A5919-copy.jpg', 'https://debutant-store.com/wp-content/uploads/2020/03/web-1300-S-0O9A5922-copy.jpg', 'https://debutant-store.com/wp-content/uploads/2020/03/web-1300-S-0O9A5922-copy.jpg'];['mediana'];Solo quedan 1 disponibles
Camiseta Silence “Basic Line” Top;['30,00€', '27,00€'];;['https://debutant-store.com/wp-content/uploads/2020/03/web-1300-S-0O9A5904-copy.jpg', 'https://debutant-store.com/wp-content/uploads/2020/03/web-1300-S-0O9A5904-copy.jpg', 'https://debutant-store.com/wp-content/uploads/2020/03/web-1300-S-0O9A5919-copy.jpg', 'https://debutant-store.com/wp-content/uploads/2020/03/web-1300-S-0O9A5919-copy.jpg', 'https://debutant-store.com/wp-content/uploads/2020/03/web-1300-S-0O9A5922-copy.jpg', 'https://debutant-store.com/wp-content/uploads/2020/03/web-1300-S-0O9A5922-copy.jpg'];['grande'];"Agotado
                
               "
Camiseta solidaria Better Together /COVID-19;['29,00€', '26,10€'];;['https://debutant-store.com/wp-content/uploads/2020/03/S-0O9A6013-copy.jpg', 'https://debutant-store.com/wp-content/uploads/2020/03/S-0O9A6013-copy.jpg', 'https://debutant-store.com/wp-content/uploads/2020/03/S-0O9A6046-copy.jpg', 'https://debutant-store.com/wp-content/uploads/2020/03/S-0O9A6046-copy.jpg', 'https://debutant-store.com/wp-content/uploads/2020/03/S-0O9A6028-copy.jpg', 'https://debutant-store.com/wp-content/uploads/2020/03/S-0O9A6028-copy.jpg', 'https://debutant-store.com/wp-content/uploads/2020/03/S-0O9A6038-copy.jpg', 'https://debutant-store.com/wp-content/uploads/2020/03/S-0O9A6038-copy.jpg'];['pequena'];"Hay existencias
"
Camiseta solidaria Better Together /COVID-19;['29,00€', '26,10€'];;['https://debutant-store.com/wp-content/uploads/2020/03/S-0O9A6013-copy.jpg', 'https://debutant-store.com/wp-content/uploads/2020/03/S-0O9A6013-copy.jpg', 'https://debutant-store.com/wp-content/uploads/2020/03/S-0O9A6046-copy.jpg', 'https://debutant-store.com/wp-content/uploads/2020/03/S-0O9A6046-copy.jpg', 'https://debutant-store.com/wp-content/uploads/2020/03/S-0O9A6028-copy.jpg', 'https://debutant-store.com/wp-content/uploads/2020/03/S-0O9A6028-copy.jpg', 'https://debutant-store.com/wp-content/uploads/2020/03/S-0O9A6038-copy.jpg', 'https://debutant-store.com/wp-content/uploads/2020/03/S-0O9A6038-copy.jpg'];['mediana'];Solo quedan 2 disponibles
Camiseta solidaria Better Together /COVID-19;['29,00€', '26,10€'];;['https://debutant-store.com/wp-content/uploads/2020/03/S-0O9A6013-copy.jpg', 'https://debutant-store.com/wp-content/uploads/2020/03/S-0O9A6013-copy.jpg', 'https://debutant-store.com/wp-content/uploads/2020/03/S-0O9A6046-copy.jpg', 'https://debutant-store.com/wp-content/uploads/2020/03/S-0O9A6046-copy.jpg', 'https://debutant-store.com/wp-content/uploads/2020/03/S-0O9A6028-copy.jpg', 'https://debutant-store.com/wp-content/uploads/2020/03/S-0O9A6028-copy.jpg', 'https://debutant-store.com/wp-content/uploads/2020/03/S-0O9A6038-copy.jpg', 'https://debutant-store.com/wp-content/uploads/2020/03/S-0O9A6038-copy.jpg'];['grande'];"Agotado
                
               "
Camiseta solidaria Better Together /COVID-19;['29,00€', '26,10€'];;['https://debutant-store.com/wp-content/uploads/2020/03/S-0O9A6013-copy.jpg', 'https://debutant-store.com/wp-content/uploads/2020/03/S-0O9A6013-copy.jpg', 'https://debutant-store.com/wp-content/uploads/2020/03/S-0O9A6046-copy.jpg', 'https://debutant-store.com/wp-content/uploads/2020/03/S-0O9A6046-copy.jpg', 'https://debutant-store.com/wp-content/uploads/2020/03/S-0O9A6028-copy.jpg', 'https://debutant-store.com/wp-content/uploads/2020/03/S-0O9A6028-copy.jpg', 'https://debutant-store.com/wp-content/uploads/2020/03/S-0O9A6038-copy.jpg', 'https://debutant-store.com/wp-content/uploads/2020/03/S-0O9A6038-copy.jpg'];['extra-grande'];"Agotado
                
               "
Camiseta Whatever;['31,90€', '23,00€'];Camiseta 100% algodón orgánico certificado, manga corta y cuello redondo. Diseño blanco con rayas grises. Corte hombre. Modelo viste talla M. Diseño original de debutànt.;['https://debutant-store.com/wp-content/uploads/2019/10/00-0O9A4117-copy.jpg', 'https://debutant-store.com/wp-content/uploads/2019/10/00-0O9A4117-copy.jpg', 'https://debutant-store.com/wp-content/uploads/2019/10/00-0O9A4124-copy.jpg', 'https://debutant-store.com/wp-content/uploads/2019/10/00-0O9A4124-copy.jpg'];['pequena'];"Agotado
                
               "
Camiseta Whatever;['31,90€', '23,00€'];Camiseta 100% algodón orgánico certificado, manga corta y cuello redondo. Diseño blanco con rayas grises. Corte hombre. Modelo viste talla M. Diseño original de debutànt.;['https://debutant-store.com/wp-content/uploads/2019/10/00-0O9A4117-copy.jpg', 'https://debutant-store.com/wp-content/uploads/2019/10/00-0O9A4117-copy.jpg', 'https://debutant-store.com/wp-content/uploads/2019/10/00-0O9A4124-copy.jpg', 'https://debutant-store.com/wp-content/uploads/2019/10/00-0O9A4124-copy.jpg'];['mediana'];"Hay existencias
"
Camiseta Whatever;['31,90€', '23,00€'];Camiseta 100% algodón orgánico certificado, manga corta y cuello redondo. Diseño blanco con rayas grises. Corte hombre. Modelo viste talla M. Diseño original de debutànt.;['https://debutant-store.com/wp-content/uploads/2019/10/00-0O9A4117-copy.jpg', 'https://debutant-store.com/wp-content/uploads/2019/10/00-0O9A4117-copy.jpg', 'https://debutant-store.com/wp-content/uploads/2019/10/00-0O9A4124-copy.jpg', 'https://debutant-store.com/wp-content/uploads/2019/10/00-0O9A4124-copy.jpg'];['grande'];"Hay existencias
"
Camiseta Whatever;['31,90€', '23,00€'];Camiseta 100% algodón orgánico certificado, manga corta y cuello redondo. Diseño blanco con rayas grises. Corte hombre. Modelo viste talla M. Diseño original de debutànt.;['https://debutant-store.com/wp-content/uploads/2019/10/00-0O9A4117-copy.jpg', 'https://debutant-store.com/wp-content/uploads/2019/10/00-0O9A4117-copy.jpg', 'https://debutant-store.com/wp-content/uploads/2019/10/00-0O9A4124-copy.jpg', 'https://debutant-store.com/wp-content/uploads/2019/10/00-0O9A4124-copy.jpg'];['extra-grande'];Solo quedan 2 disponibles
Saldar diferencia cambio de modelo;['5,00€'];;['https://debutant-store.com/wp-content/uploads/2020/02/0O9A5568.jpg', 'https://debutant-store.com/wp-content/uploads/2020/02/0O9A5568.jpg'];;
Camiseta Whatever;['31,90€', '28,71€'];Camiseta 100% algodón orgánico certificado, manga corta y cuello redondo. Diseño blanco con rayas grises. Corte mujer. Modelo viste talla S. Diseño original de debutànt.;['https://debutant-store.com/wp-content/uploads/2019/10/00-0O9A4088-copy.jpg', 'https://debutant-store.com/wp-content/uploads/2019/10/00-0O9A4088-copy.jpg', 'https://debutant-store.com/wp-content/uploads/2019/10/00-0O9A4098-copy.jpg', 'https://debutant-store.com/wp-content/uploads/2019/10/00-0O9A4098-copy.jpg', 'https://debutant-store.com/wp-content/uploads/2019/10/00-0O9A4101-copy.jpg', 'https://debutant-store.com/wp-content/uploads/2019/10/00-0O9A4101-copy.jpg'];['pequena'];"Agotado
                
               "
Camiseta Whatever;['31,90€', '28,71€'];Camiseta 100% algodón orgánico certificado, manga corta y cuello redondo. Diseño blanco con rayas grises. Corte mujer. Modelo viste talla S. Diseño original de debutànt.;['https://debutant-store.com/wp-content/uploads/2019/10/00-0O9A4088-copy.jpg', 'https://debutant-store.com/wp-content/uploads/2019/10/00-0O9A4088-copy.jpg', 'https://debutant-store.com/wp-content/uploads/2019/10/00-0O9A4098-copy.jpg', 'https://debutant-store.com/wp-content/uploads/2019/10/00-0O9A4098-copy.jpg', 'https://debutant-store.com/wp-content/uploads/2019/10/00-0O9A4101-copy.jpg', 'https://debutant-store.com/wp-content/uploads/2019/10/00-0O9A4101-copy.jpg'];['mediana'];Solo quedan 1 disponibles
Camiseta Whatever;['31,90€', '28,71€'];Camiseta 100% algodón orgánico certificado, manga corta y cuello redondo. Diseño blanco con rayas grises. Corte mujer. Modelo viste talla S. Diseño original de debutànt.;['https://debutant-store.com/wp-content/uploads/2019/10/00-0O9A4088-copy.jpg', 'https://debutant-store.com/wp-content/uploads/2019/10/00-0O9A4088-copy.jpg', 'https://debutant-store.com/wp-content/uploads/2019/10/00-0O9A4098-copy.jpg', 'https://debutant-store.com/wp-content/uploads/2019/10/00-0O9A4098-copy.jpg', 'https://debutant-store.com/wp-content/uploads/2019/10/00-0O9A4101-copy.jpg', 'https://debutant-store.com/wp-content/uploads/2019/10/00-0O9A4101-copy.jpg'];['grande'];"Hay existencias
"
Camiseta Trending Tropic;['32,00€', '22,00€'];Camiseta 100% algodón orgánico, manga corta y cuello amplio. Color rojo. Corte mujer, ligeramente más larga en espalda con dobladillo de aguja y extremos de manga dobles. Modelo viste talla S. Diseño original de debutànt.;['https://debutant-store.com/wp-content/uploads/2020/03/1300-WEB-S-0O9A5817-copy.jpg', 'https://debutant-store.com/wp-content/uploads/2020/03/1300-WEB-S-0O9A5817-copy.jpg', 'https://debutant-store.com/wp-content/uploads/2020/03/1300-WEB-0O9A5827-copy.jpg', 'https://debutant-store.com/wp-content/uploads/2020/03/1300-WEB-0O9A5827-copy.jpg', 'https://debutant-store.com/wp-content/uploads/2020/03/1300-WEB-S-0O9A5852-copy.jpg', 'https://debutant-store.com/wp-content/uploads/2020/03/1300-WEB-S-0O9A5852-copy.jpg'];['pequena'];"Hay existencias
"
Camiseta Trending Tropic;['32,00€', '22,00€'];Camiseta 100% algodón orgánico, manga corta y cuello amplio. Color rojo. Corte mujer, ligeramente más larga en espalda con dobladillo de aguja y extremos de manga dobles. Modelo viste talla S. Diseño original de debutànt.;['https://debutant-store.com/wp-content/uploads/2020/03/1300-WEB-S-0O9A5817-copy.jpg', 'https://debutant-store.com/wp-content/uploads/2020/03/1300-WEB-S-0O9A5817-copy.jpg', 'https://debutant-store.com/wp-content/uploads/2020/03/1300-WEB-0O9A5827-copy.jpg', 'https://debutant-store.com/wp-content/uploads/2020/03/1300-WEB-0O9A5827-copy.jpg', 'https://debutant-store.com/wp-content/uploads/2020/03/1300-WEB-S-0O9A5852-copy.jpg', 'https://debutant-store.com/wp-content/uploads/2020/03/1300-WEB-S-0O9A5852-copy.jpg'];['mediana'];"Hay existencias
"
Camiseta Trending Tropic;['32,00€', '22,00€'];Camiseta 100% algodón orgánico, manga corta y cuello amplio. Color rojo. Corte mujer, ligeramente más larga en espalda con dobladillo de aguja y extremos de manga dobles. Modelo viste talla S. Diseño original de debutànt.;['https://debutant-store.com/wp-content/uploads/2020/03/1300-WEB-S-0O9A5817-copy.jpg', 'https://debutant-store.com/wp-content/uploads/2020/03/1300-WEB-S-0O9A5817-copy.jpg', 'https://debutant-store.com/wp-content/uploads/2020/03/1300-WEB-0O9A5827-copy.jpg', 'https://debutant-store.com/wp-content/uploads/2020/03/1300-WEB-0O9A5827-copy.jpg', 'https://debutant-store.com/wp-content/uploads/2020/03/1300-WEB-S-0O9A5852-copy.jpg', 'https://debutant-store.com/wp-content/uploads/2020/03/1300-WEB-S-0O9A5852-copy.jpg'];['grande'];Solo quedan 2 disponibles
Camiseta Trending Tropic;['32,00€', '22,00€'];Camiseta 100% algodón orgánico, manga corta y cuello amplio. Color rojo. Corte mujer, ligeramente más larga en espalda con dobladillo de aguja y extremos de manga dobles. Modelo viste talla S. Diseño original de debutànt.;['https://debutant-store.com/wp-content/uploads/2020/03/1300-WEB-S-0O9A5817-copy.jpg', 'https://debutant-store.com/wp-content/uploads/2020/03/1300-WEB-S-0O9A5817-copy.jpg', 'https://debutant-store.com/wp-content/uploads/2020/03/1300-WEB-0O9A5827-copy.jpg', 'https://debutant-store.com/wp-content/uploads/2020/03/1300-WEB-0O9A5827-copy.jpg', 'https://debutant-store.com/wp-content/uploads/2020/03/1300-WEB-S-0O9A5852-copy.jpg', 'https://debutant-store.com/wp-content/uploads/2020/03/1300-WEB-S-0O9A5852-copy.jpg'];['extra-grande'];Solo quedan 2 disponibles
Camiseta Nasti de Plastic Olive;['32,00€', '28,80€'];Camiseta 100% algodón orgánico, manga corta y escote ancho. Color verde oliva. Corte mujer, ligeramente más larga en espalda con dobladillo de aguja y extremos de manga dobles. Modelo viste talla S. Diseño original de debutànt.;['https://debutant-store.com/wp-content/uploads/2020/03/webS-0O9A6106-copy.jpg', 'https://debutant-store.com/wp-content/uploads/2020/03/webS-0O9A6106-copy.jpg', 'https://debutant-store.com/wp-content/uploads/2020/03/webS-0O9A6103-copy.jpg', 'https://debutant-store.com/wp-content/uploads/2020/03/webS-0O9A6103-copy.jpg', 'https://debutant-store.com/wp-content/uploads/2020/03/webS-0O9A6110-copy.jpg', 'https://debutant-store.com/wp-content/uploads/2020/03/webS-0O9A6110-copy.jpg'];['pequena'];Solo quedan 2 disponibles
Camiseta Nasti de Plastic Olive;['32,00€', '28,80€'];Camiseta 100% algodón orgánico, manga corta y escote ancho. Color verde oliva. Corte mujer, ligeramente más larga en espalda con dobladillo de aguja y extremos de manga dobles. Modelo viste talla S. Diseño original de debutànt.;['https://debutant-store.com/wp-content/uploads/2020/03/webS-0O9A6106-copy.jpg', 'https://debutant-store.com/wp-content/uploads/2020/03/webS-0O9A6106-copy.jpg', 'https://debutant-store.com/wp-content/uploads/2020/03/webS-0O9A6103-copy.jpg', 'https://debutant-store.com/wp-content/uploads/2020/03/webS-0O9A6103-copy.jpg', 'https://debutant-store.com/wp-content/uploads/2020/03/webS-0O9A6110-copy.jpg', 'https://debutant-store.com/wp-content/uploads/2020/03/webS-0O9A6110-copy.jpg'];['mediana'];Solo quedan 1 disponibles
Camiseta Nasti de Plastic Olive;['32,00€', '28,80€'];Camiseta 100% algodón orgánico, manga corta y escote ancho. Color verde oliva. Corte mujer, ligeramente más larga en espalda con dobladillo de aguja y extremos de manga dobles. Modelo viste talla S. Diseño original de debutànt.;['https://debutant-store.com/wp-content/uploads/2020/03/webS-0O9A6106-copy.jpg', 'https://debutant-store.com/wp-content/uploads/2020/03/webS-0O9A6106-copy.jpg', 'https://debutant-store.com/wp-content/uploads/2020/03/webS-0O9A6103-copy.jpg', 'https://debutant-store.com/wp-content/uploads/2020/03/webS-0O9A6103-copy.jpg', 'https://debutant-store.com/wp-content/uploads/2020/03/webS-0O9A6110-copy.jpg', 'https://debutant-store.com/wp-content/uploads/2020/03/webS-0O9A6110-copy.jpg'];['grande'];Solo quedan 1 disponibles
Camiseta Nasti de Plastic Olive;['32,00€', '28,80€'];Camiseta 100% algodón orgánico, manga corta y escote ancho. Color verde oliva. Corte mujer, ligeramente más larga en espalda con dobladillo de aguja y extremos de manga dobles. Modelo viste talla S. Diseño original de debutànt.;['https://debutant-store.com/wp-content/uploads/2020/03/webS-0O9A6106-copy.jpg', 'https://debutant-store.com/wp-content/uploads/2020/03/webS-0O9A6106-copy.jpg', 'https://debutant-store.com/wp-content/uploads/2020/03/webS-0O9A6103-copy.jpg', 'https://debutant-store.com/wp-content/uploads/2020/03/webS-0O9A6103-copy.jpg', 'https://debutant-store.com/wp-content/uploads/2020/03/webS-0O9A6110-copy.jpg', 'https://debutant-store.com/wp-content/uploads/2020/03/webS-0O9A6110-copy.jpg'];['extra-grande'];Solo quedan 1 disponibles
Vestido Aretha;['39,00€'];Vestido 100% algodón orgánico, manga corta, escote ancho y dobladillo curvado. Color negro. Corte mujer. Modelo viste talla S. Diseño original de debutànt.;['https://debutant-store.com/wp-content/uploads/2020/03/S-0O9A6153-copy-web.jpg', 'https://debutant-store.com/wp-content/uploads/2020/03/S-0O9A6153-copy-web.jpg', 'https://debutant-store.com/wp-content/uploads/2020/03/S-0O9A6162-copy-web.jpg', 'https://debutant-store.com/wp-content/uploads/2020/03/S-0O9A6162-copy-web.jpg', 'https://debutant-store.com/wp-content/uploads/2020/03/S-0O9A6173-copy-webb.jpg', 'https://debutant-store.com/wp-content/uploads/2020/03/S-0O9A6173-copy-webb.jpg'];['mediana'];"Hay existencias
"
Vestido Aretha;['39,00€'];Vestido 100% algodón orgánico, manga corta, escote ancho y dobladillo curvado. Color negro. Corte mujer. Modelo viste talla S. Diseño original de debutànt.;['https://debutant-store.com/wp-content/uploads/2020/03/S-0O9A6153-copy-web.jpg', 'https://debutant-store.com/wp-content/uploads/2020/03/S-0O9A6153-copy-web.jpg', 'https://debutant-store.com/wp-content/uploads/2020/03/S-0O9A6162-copy-web.jpg', 'https://debutant-store.com/wp-content/uploads/2020/03/S-0O9A6162-copy-web.jpg', 'https://debutant-store.com/wp-content/uploads/2020/03/S-0O9A6173-copy-webb.jpg', 'https://debutant-store.com/wp-content/uploads/2020/03/S-0O9A6173-copy-webb.jpg'];['grande'];Solo quedan 2 disponibles
Tote Bag Nasti de Plastic Leaf Green;['13,90€', '10,90€'];Bolsa 100% algodón orgánico. Colorida, versátil y fácil de llevar. Color verde. Medidas 36x42x8 cm. Diseño original de debutànt.;['https://debutant-store.com/wp-content/uploads/2019/10/00-0O9A4241-copy.jpg', 'https://debutant-store.com/wp-content/uploads/2019/10/00-0O9A4241-copy.jpg', 'https://debutant-store.com/wp-content/uploads/2019/10/00-0O9A4246-copy.jpg', 'https://debutant-store.com/wp-content/uploads/2019/10/00-0O9A4246-copy.jpg'];;
Camiseta Fulanita y Menganito Navy;['29,90€', '26,91€'];Camiseta 100% algodón orgánico certificado, manga corta y cuello redondo. Color azul marino. Corte unisex. Modelo viste talla S. Diseño original de debutànt.;['https://debutant-store.com/wp-content/uploads/2019/09/Fulanita-navy-portada.jpg', 'https://debutant-store.com/wp-content/uploads/2019/09/Fulanita-navy-portada.jpg', 'https://debutant-store.com/wp-content/uploads/2019/09/Fulanita-French-Nay-Ella-4.jpg', 'https://debutant-store.com/wp-content/uploads/2019/09/Fulanita-French-Nay-Ella-4.jpg'];['pequena'];"Agotado
                
               "
Camiseta Fulanita y Menganito Navy;['29,90€', '26,91€'];Camiseta 100% algodón orgánico certificado, manga corta y cuello redondo. Color azul marino. Corte unisex. Modelo viste talla S. Diseño original de debutànt.;['https://debutant-store.com/wp-content/uploads/2019/09/Fulanita-navy-portada.jpg', 'https://debutant-store.com/wp-content/uploads/2019/09/Fulanita-navy-portada.jpg', 'https://debutant-store.com/wp-content/uploads/2019/09/Fulanita-French-Nay-Ella-4.jpg', 'https://debutant-store.com/wp-content/uploads/2019/09/Fulanita-French-Nay-Ella-4.jpg'];['mediana'];"Agotado
                
               "
Camiseta Fulanita y Menganito Navy;['29,90€', '26,91€'];Camiseta 100% algodón orgánico certificado, manga corta y cuello redondo. Color azul marino. Corte unisex. Modelo viste talla S. Diseño original de debutànt.;['https://debutant-store.com/wp-content/uploads/2019/09/Fulanita-navy-portada.jpg', 'https://debutant-store.com/wp-content/uploads/2019/09/Fulanita-navy-portada.jpg', 'https://debutant-store.com/wp-content/uploads/2019/09/Fulanita-French-Nay-Ella-4.jpg', 'https://debutant-store.com/wp-content/uploads/2019/09/Fulanita-French-Nay-Ella-4.jpg'];['grande'];"Agotado
                
               "
Camiseta Fulanita y Menganito Navy;['29,90€', '26,91€'];Camiseta 100% algodón orgánico certificado, manga corta y cuello redondo. Color azul marino. Corte unisex. Modelo viste talla S. Diseño original de debutànt.;['https://debutant-store.com/wp-content/uploads/2019/09/Fulanita-navy-portada.jpg', 'https://debutant-store.com/wp-content/uploads/2019/09/Fulanita-navy-portada.jpg', 'https://debutant-store.com/wp-content/uploads/2019/09/Fulanita-French-Nay-Ella-4.jpg', 'https://debutant-store.com/wp-content/uploads/2019/09/Fulanita-French-Nay-Ella-4.jpg'];['extra-grande'];"Agotado
                
               "
Camiseta Sunday & Vermut;['30,00€', '27,00€'];Camiseta 100% algodón orgánico certificado, manga corta y cuello redondo. Corte mujer y color blanco. Modelo viste talla S. Diseño original de debutànt.;['https://debutant-store.com/wp-content/uploads/2020/03/WEB-1300-S-0O9A6057-copy.jpg', 'https://debutant-store.com/wp-content/uploads/2020/03/WEB-1300-S-0O9A6057-copy.jpg', 'https://debutant-store.com/wp-content/uploads/2020/03/WEB-1300-S-0O9A6064-copy.jpg', 'https://debutant-store.com/wp-content/uploads/2020/03/WEB-1300-S-0O9A6064-copy.jpg', 'https://debutant-store.com/wp-content/uploads/2020/03/WEB-1300-S-0O9A6066-copy.jpg', 'https://debutant-store.com/wp-content/uploads/2020/03/WEB-1300-S-0O9A6066-copy.jpg'];['pequena'];"Hay existencias
"
Camiseta Sunday & Vermut;['30,00€', '27,00€'];Camiseta 100% algodón orgánico certificado, manga corta y cuello redondo. Corte mujer y color blanco. Modelo viste talla S. Diseño original de debutànt.;['https://debutant-store.com/wp-content/uploads/2020/03/WEB-1300-S-0O9A6057-copy.jpg', 'https://debutant-store.com/wp-content/uploads/2020/03/WEB-1300-S-0O9A6057-copy.jpg', 'https://debutant-store.com/wp-content/uploads/2020/03/WEB-1300-S-0O9A6064-copy.jpg', 'https://debutant-store.com/wp-content/uploads/2020/03/WEB-1300-S-0O9A6064-copy.jpg', 'https://debutant-store.com/wp-content/uploads/2020/03/WEB-1300-S-0O9A6066-copy.jpg', 'https://debutant-store.com/wp-content/uploads/2020/03/WEB-1300-S-0O9A6066-copy.jpg'];['mediana'];"Hay existencias
"
Camiseta Sunday & Vermut;['30,00€', '27,00€'];Camiseta 100% algodón orgánico certificado, manga corta y cuello redondo. Corte mujer y color blanco. Modelo viste talla S. Diseño original de debutànt.;['https://debutant-store.com/wp-content/uploads/2020/03/WEB-1300-S-0O9A6057-copy.jpg', 'https://debutant-store.com/wp-content/uploads/2020/03/WEB-1300-S-0O9A6057-copy.jpg', 'https://debutant-store.com/wp-content/uploads/2020/03/WEB-1300-S-0O9A6064-copy.jpg', 'https://debutant-store.com/wp-content/uploads/2020/03/WEB-1300-S-0O9A6064-copy.jpg', 'https://debutant-store.com/wp-content/uploads/2020/03/WEB-1300-S-0O9A6066-copy.jpg', 'https://debutant-store.com/wp-content/uploads/2020/03/WEB-1300-S-0O9A6066-copy.jpg'];['grande'];"Hay existencias
"
Camiseta Sunday & Vermut;['30,00€', '27,00€'];Camiseta 100% algodón orgánico certificado, manga corta y cuello redondo. Corte mujer y color blanco. Modelo viste talla S. Diseño original de debutànt.;['https://debutant-store.com/wp-content/uploads/2020/03/WEB-1300-S-0O9A6057-copy.jpg', 'https://debutant-store.com/wp-content/uploads/2020/03/WEB-1300-S-0O9A6057-copy.jpg', 'https://debutant-store.com/wp-content/uploads/2020/03/WEB-1300-S-0O9A6064-copy.jpg', 'https://debutant-store.com/wp-content/uploads/2020/03/WEB-1300-S-0O9A6064-copy.jpg', 'https://debutant-store.com/wp-content/uploads/2020/03/WEB-1300-S-0O9A6066-copy.jpg', 'https://debutant-store.com/wp-content/uploads/2020/03/WEB-1300-S-0O9A6066-copy.jpg'];['extra-grande'];Solo quedan 1 disponibles